time,auc
1.000000,0.5126495726495727
2.000000,0.6143103448275862
3.000000,0.7605217391304347
4.000000,0.833157894736842
5.000000,0.755575221238938
6.000000,0.8022394798627416
7.000000,0.8232507288629737
8.000000,0.788931788931789
9.000000,0.8541666666666666
10.000000,0.8369318181818183
11.000000,0.8425531914893616
12.000000,0.857905138339921
13.000000,0.8363636363636363
14.000000,0.924793388429752
15.000000,0.8584236864053378
16.000000,0.8798805205888628
17.000000,0.8714470284237726
18.000000,0.9228428602477722
19.000000,0.9234534935469516
20.000000,0.9180143755615453
21.000000,0.912333179935573
22.000000,0.8961672473867596
23.000000,0.9514285714285713
24.000000,0.9296703296703296
25.000000,0.9400887573964497
26.000000,0.9185959671396565
27.000000,0.9177978883861238
28.000000,0.904282765737874
29.000000,0.9141494435612082
30.000000,0.9344393898849345
31.000000,0.9144664466446644
32.000000,0.912022630834512
33.000000,0.9014285714285715
34.000000,0.9394117647058824
35.000000,0.945632798573975
36.000000,0.9279711884753902
37.000000,0.9431045145330859
38.000000,0.9231490159325211
39.000000,0.9375
40.000000,0.9534505208333334
41.000000,0.9606854838709677
42.000000,0.960763888888889
43.000000,0.9624561403508772
44.000000,0.9606382978723405
45.000000,0.9455197132616486
46.000000,0.9610678531701892
47.000000,0.9666416791604198
48.000000,0.9642857142857143
49.000000,0.964170692431562
50.000000,0.9507529507529507
51.000000,0.9695473251028807
52.000000,0.9571369121930919
53.000000,0.9692760942760943
54.000000,0.9646658152405279
55.000000,0.9758828596037898
56.000000,0.9575134168157425
57.000000,0.9656108597285067
58.000000,0.972985347985348
59.000000,0.9624652455977757
60.000000,0.950750469043152
61.000000,0.946829268292683
62.000000,0.9639227642276423
63.000000,0.9321314952279958
64.000000,0.9334406870638754
65.000000,0.9410774410774411
66.000000,0.9522727272727273
67.000000,0.9464902186421174
68.000000,0.9463532248342374
69.000000,0.9588607594936708
70.000000,0.9628205128205127
71.000000,0.9493506493506494
72.000000,0.9710526315789475
73.000000,0.9536011080332409
74.000000,0.9585964912280701
75.000000,0.9288762446657183
76.000000,0.9084084084084083
77.000000,0.974124809741248
78.000000,0.9375
79.000000,0.9779411764705882
80.000000,0.9652029826014913
81.000000,0.9480633802816901
82.000000,0.9220657276995305
83.000000,0.979047619047619
84.000000,0.9989795918367348
85.000000,1.0
86.000000,1.0
87.000000,1.0
88.000000,1.0
89.000000,1.0
90.000000,1.0
91.000000,1.0
92.000000,1.0
93.000000,1.0
94.000000,1.0
95.000000,1.0
96.000000,1.0
97.000000,1.0
98.000000,1.0
99.000000,1.0
100.000000,1.0
101.000000,1.0
102.000000,1.0
103.000000,1.0
104.000000,1.0
105.000000,1.0
106.000000,1.0
107.000000,1.0
108.000000,1.0
109.000000,1.0
110.000000,1.0
111.000000,1.0
112.000000,1.0
113.000000,1.0
114.000000,1.0
115.000000,1.0
116.000000,1.0
117.000000,1.0
118.000000,1.0
119.000000,1.0
120.000000,1.0
121.000000,1.0
122.000000,1.0
123.000000,1.0
124.000000,1.0
125.000000,1.0
126.000000,1.0
127.000000,1.0
128.000000,1.0
129.000000,1.0
130.000000,1.0
131.000000,1.0
132.000000,1.0
133.000000,1.0
134.000000,1.0
135.000000,1.0
136.000000,1.0
137.000000,1.0
138.000000,None
139.000000,None
140.000000,None
141.000000,None
142.000000,None
143.000000,None
144.000000,None
145.000000,None
146.000000,None
147.000000,None
148.000000,None
149.000000,None
150.000000,None
151.000000,None
152.000000,None
153.000000,None
154.000000,None
155.000000,None
156.000000,None
157.000000,None
158.000000,None
159.000000,None
160.000000,None
161.000000,None
162.000000,None
163.000000,None
164.000000,None
165.000000,None
166.000000,None
167.000000,None
168.000000,None
