time,auc
1.000000,0.5226504394861393
2.000000,0.6884910485933504
3.000000,0.6707946336429308
4.000000,0.749956619816068
5.000000,0.8387610619469027
6.000000,0.8280657395701644
7.000000,0.8684402332361516
8.000000,0.8900669642857143
9.000000,0.8346471471471472
10.000000,0.8236742424242424
11.000000,0.8446808510638297
12.000000,0.9020105406988093
13.000000,0.9272038292780217
14.000000,0.909480122324159
15.000000,0.9407839866555464
16.000000,0.9501262626262628
17.000000,0.9651656754460494
18.000000,0.9430558574222996
19.000000,0.9760860026327336
20.000000,0.9458670260557054
21.000000,0.874829931972789
22.000000,0.9498257839721254
23.000000,0.9245238095238095
24.000000,0.9557692307692308
25.000000,0.9538954635108482
26.000000,0.9534412955465587
27.000000,0.9560810810810811
28.000000,0.966675413277355
29.000000,0.9560148383677796
30.000000,0.9411292480599411
31.000000,0.9441694169416941
32.000000,0.9522222222222222
33.000000,0.9576318742985409
34.000000,0.9668109668109668
35.000000,0.9705539358600583
36.000000,0.965186074429772
37.000000,0.9693753790175863
38.000000,0.9693845673227117
39.000000,0.9775883838383838
40.000000,0.9665071770334928
41.000000,0.973565441650548
42.000000,0.9740691489361701
43.000000,0.9744623655913979
44.000000,0.9809782608695652
45.000000,0.9765077138849929
46.000000,0.9692028985507246
47.000000,0.9783882783882785
48.000000,0.9791587722622206
49.000000,0.9766283524904215
50.000000,0.9765873015873014
51.000000,0.9732510288065843
52.000000,0.97991452991453
53.000000,0.9779602420051858
54.000000,0.9838286713286712
55.000000,0.9907161803713528
56.000000,0.9783908045977012
57.000000,0.9846511627906976
58.000000,0.9854651162790697
59.000000,0.9823529411764705
60.000000,0.9925595238095238
61.000000,0.9767080745341614
62.000000,0.9761904761904762
63.000000,0.9956188389923329
64.000000,0.9927937915742794
65.000000,0.9955106621773289
66.000000,0.990340909090909
67.000000,0.9919447640966628
68.000000,0.9879445449065701
69.000000,0.9798534798534797
70.000000,0.9891025641025641
71.000000,0.9857142857142857
72.000000,0.9980263157894738
73.000000,0.9906666666666667
74.000000,0.9880701754385965
75.000000,0.9977777777777778
76.000000,0.9976470588235294
77.000000,1.0
78.000000,1.0
79.000000,1.0
80.000000,1.0
81.000000,1.0
82.000000,1.0
83.000000,1.0
84.000000,1.0
85.000000,1.0
86.000000,1.0
87.000000,1.0
88.000000,1.0
89.000000,1.0
90.000000,1.0
91.000000,1.0
92.000000,1.0
93.000000,1.0
94.000000,1.0
95.000000,1.0
96.000000,1.0
97.000000,1.0
98.000000,1.0
99.000000,1.0
100.000000,1.0
101.000000,1.0
102.000000,1.0
103.000000,1.0
104.000000,1.0
105.000000,1.0
106.000000,1.0
107.000000,1.0
108.000000,1.0
109.000000,1.0
110.000000,1.0
111.000000,1.0
112.000000,1.0
113.000000,1.0
114.000000,1.0
115.000000,1.0
116.000000,1.0
117.000000,1.0
118.000000,1.0
119.000000,1.0
120.000000,1.0
121.000000,1.0
122.000000,1.0
123.000000,1.0
124.000000,1.0
125.000000,1.0
126.000000,1.0
127.000000,1.0
128.000000,1.0
129.000000,1.0
130.000000,1.0
131.000000,1.0
132.000000,1.0
133.000000,1.0
134.000000,None
135.000000,None
136.000000,None
137.000000,None
138.000000,None
139.000000,None
140.000000,None
141.000000,None
142.000000,None
143.000000,None
144.000000,None
145.000000,None
146.000000,None
147.000000,None
148.000000,None
149.000000,None
150.000000,None
151.000000,None
152.000000,None
153.000000,None
154.000000,None
155.000000,None
156.000000,None
157.000000,None
158.000000,None
159.000000,None
160.000000,None
161.000000,None
162.000000,None
163.000000,None
164.000000,None
165.000000,None
166.000000,None
167.000000,None
168.000000,None
