time,auc
1.000000,0.45419202163624073
2.000000,0.5626598465473145
3.000000,0.5813913043478262
4.000000,0.5018633540372672
5.000000,0.6851449275362319
6.000000,0.781313598519889
7.000000,0.7168241965973535
8.000000,0.6867632850241546
9.000000,0.6956521739130435
10.000000,0.6267942583732056
11.000000,0.6936846339501206
12.000000,0.735336488989504
13.000000,0.7848837209302326
14.000000,0.6798469387755103
15.000000,0.7964392964392965
16.000000,0.7192640692640692
17.000000,0.8121951219512196
18.000000,0.7170454545454545
19.000000,0.7769230769230769
20.000000,0.7518231004469537
21.000000,0.8273780782230806
22.000000,0.8435672514619883
23.000000,0.8553553553553553
24.000000,0.9290123456790124
25.000000,0.7751322751322751
26.000000,0.8202614379084968
27.000000,0.8569023569023568
28.000000,0.8938078703703703
29.000000,0.8688769414575866
30.000000,0.9061728395061728
31.000000,0.8735632183908046
32.000000,0.9110538188849501
33.000000,0.911515940143136
34.000000,0.9184636118598383
35.000000,0.8644304682040531
36.000000,0.9223985890652557
37.000000,0.8838827838827839
38.000000,0.9222857142857143
39.000000,0.9035714285714286
40.000000,0.9126602564102564
41.000000,0.93042071197411
42.000000,0.9307724778387505
43.000000,0.939982347749338
44.000000,0.9162210338680927
45.000000,0.9054905490549056
46.000000,0.9372937293729373
47.000000,0.9336633663366336
48.000000,0.9327774882751432
49.000000,0.9532453245324533
50.000000,0.9347699475829936
51.000000,0.9090346534653466
52.000000,0.9511551155115512
53.000000,0.9561527581329562
54.000000,0.9634424980959635
55.000000,0.9646153846153847
56.000000,0.9650000000000001
57.000000,0.9709090909090909
58.000000,0.9641873278236914
59.000000,0.9707070707070707
60.000000,0.9826530612244898
61.000000,0.9783505154639175
62.000000,0.9862542955326461
63.000000,0.9819587628865979
64.000000,0.9852724594992636
65.000000,0.9851190476190476
66.000000,0.9913194444444444
67.000000,0.9929824561403509
68.000000,0.9893617021276595
69.000000,0.9936170212765958
70.000000,0.989247311827957
71.000000,0.9934782608695651
72.000000,0.9912087912087912
73.000000,0.9945054945054945
74.000000,1.0
75.000000,1.0
76.000000,1.0
77.000000,1.0
78.000000,1.0
79.000000,1.0
80.000000,1.0
81.000000,1.0
82.000000,None
83.000000,None
84.000000,None
85.000000,None
86.000000,None
87.000000,None
88.000000,None
89.000000,None
90.000000,None
91.000000,None
92.000000,None
93.000000,None
94.000000,None
95.000000,None
96.000000,None
97.000000,None
98.000000,None
99.000000,None
100.000000,None
101.000000,None
102.000000,None
103.000000,None
104.000000,None
105.000000,None
106.000000,None
107.000000,None
108.000000,None
109.000000,None
110.000000,None
111.000000,None
112.000000,None
113.000000,None
114.000000,None
115.000000,None
116.000000,None
117.000000,None
118.000000,None
119.000000,None
120.000000,None
121.000000,None
122.000000,None
123.000000,None
124.000000,None
125.000000,None
126.000000,None
127.000000,None
128.000000,None
129.000000,None
130.000000,None
131.000000,None
132.000000,None
133.000000,None
134.000000,None
135.000000,None
136.000000,None
137.000000,None
138.000000,None
139.000000,None
140.000000,None
141.000000,None
142.000000,None
143.000000,None
144.000000,None
145.000000,None
146.000000,None
147.000000,None
148.000000,None
149.000000,None
150.000000,None
151.000000,None
152.000000,None
153.000000,None
154.000000,None
155.000000,None
156.000000,None
157.000000,None
158.000000,None
159.000000,None
160.000000,None
161.000000,None
162.000000,None
163.000000,None
164.000000,None
165.000000,None
166.000000,None
167.000000,None
168.000000,None
