time,auc
1.000000,0.7206837606837607
2.000000,0.6374137931034483
3.000000,0.7231304347826086
4.000000,0.6691228070175438
5.000000,0.5849557522123894
6.000000,0.7946541448437782
7.000000,0.7875364431486881
8.000000,0.6764111049825337
9.000000,0.7820037105751392
10.000000,0.8672348484848484
11.000000,0.8740812379110251
12.000000,0.8180753464766738
13.000000,0.870173364854216
14.000000,0.8973429951690821
15.000000,0.8718106995884773
16.000000,0.9217030114226376
17.000000,0.9029311809685641
18.000000,0.9142367066895368
19.000000,0.8440105309346204
20.000000,0.9025157232704403
21.000000,0.8913832199546485
22.000000,0.9477351916376308
23.000000,0.9301125703564728
24.000000,0.9468749999999999
25.000000,0.9441747572815534
26.000000,0.9594224545680856
27.000000,0.941679235796883
28.000000,0.9347265221878225
29.000000,0.9340802501302762
30.000000,0.9276315789473684
31.000000,0.9354054054054055
32.000000,0.9272222222222223
33.000000,0.9239618406285073
34.000000,0.9422799422799423
35.000000,0.9510204081632653
36.000000,0.9354741896758704
37.000000,0.9384662956091527
38.000000,0.9400187441424556
39.000000,0.9239267676767677
40.000000,0.9617224880382775
41.000000,0.9486842105263158
42.000000,0.953125
43.000000,0.9660618279569892
44.000000,0.9514394727714187
45.000000,0.9516129032258064
46.000000,0.9634057971014492
47.000000,0.949400299850075
48.000000,0.9674118984463812
49.000000,0.9744897959183674
50.000000,0.9857549857549858
51.000000,0.9876543209876543
52.000000,0.9908447773616313
53.000000,0.9878997407087294
54.000000,0.9768356643356644
55.000000,0.990909090909091
56.000000,0.9891098484848485
57.000000,0.9891304347826086
58.000000,0.9940029985007497
59.000000,0.9932079414838035
60.000000,0.9931289640591966
61.000000,0.9944629014396456
62.000000,0.997093023255814
63.000000,0.9970588235294118
64.000000,0.9964285714285714
65.000000,0.9963855421686747
66.000000,0.9987317691819911
67.000000,0.9980744544287548
68.000000,0.996101364522417
69.000000,0.9986842105263158
70.000000,0.999333777481679
71.000000,0.99929676511955
72.000000,1.0
73.000000,0.9985569985569985
74.000000,1.0
75.000000,1.0
76.000000,0.9992156862745099
77.000000,1.0
78.000000,1.0
79.000000,1.0
80.000000,1.0
81.000000,1.0
82.000000,1.0
83.000000,1.0
84.000000,1.0
85.000000,1.0
86.000000,1.0
87.000000,1.0
88.000000,1.0
89.000000,1.0
90.000000,1.0
91.000000,1.0
92.000000,1.0
93.000000,1.0
94.000000,1.0
95.000000,1.0
96.000000,1.0
97.000000,1.0
98.000000,1.0
99.000000,1.0
100.000000,1.0
101.000000,1.0
102.000000,1.0
103.000000,1.0
104.000000,1.0
105.000000,1.0
106.000000,1.0
107.000000,1.0
108.000000,1.0
109.000000,1.0
110.000000,1.0
111.000000,1.0
112.000000,1.0
113.000000,1.0
114.000000,1.0
115.000000,1.0
116.000000,1.0
117.000000,1.0
118.000000,1.0
119.000000,1.0
120.000000,1.0
121.000000,1.0
122.000000,1.0
123.000000,1.0
124.000000,1.0
125.000000,1.0
126.000000,1.0
127.000000,1.0
128.000000,1.0
129.000000,1.0
130.000000,1.0
131.000000,1.0
132.000000,1.0
133.000000,1.0
134.000000,1.0
135.000000,1.0
136.000000,1.0
137.000000,1.0
138.000000,1.0
139.000000,None
140.000000,None
141.000000,None
142.000000,None
143.000000,None
144.000000,None
145.000000,None
146.000000,None
147.000000,None
148.000000,None
149.000000,None
150.000000,None
151.000000,None
152.000000,None
153.000000,None
154.000000,None
155.000000,None
156.000000,None
157.000000,None
158.000000,None
159.000000,None
160.000000,None
161.000000,None
162.000000,None
163.000000,None
164.000000,None
165.000000,None
166.000000,None
167.000000,None
168.000000,None
