time,auc
1.000000,0.600830162573504
2.000000,0.7436440677966102
3.000000,0.8153490028490028
4.000000,0.8338721264367815
5.000000,0.8755434782608695
6.000000,0.7733580018501388
7.000000,0.8236282194848825
8.000000,0.8563359066089249
9.000000,0.8919072948328268
10.000000,0.6619704811194173
11.000000,0.8102514506769826
12.000000,0.8293968377903572
13.000000,0.8717590745911448
14.000000,0.8693639291465378
15.000000,0.8667208451848842
16.000000,0.832398753894081
17.000000,0.9002096436058701
18.000000,0.8942967409948542
19.000000,0.9313295304958314
20.000000,0.9240790655884995
21.000000,0.9292517006802721
22.000000,0.9553571428571429
23.000000,0.9549718574108818
24.000000,0.9449519230769231
25.000000,0.9524271844660195
26.000000,0.8934528254916605
27.000000,0.9512317747611865
28.000000,0.9504950495049506
29.000000,0.9510161542470037
30.000000,0.9256087770939256
31.000000,0.9331683168316831
32.000000,0.9722772277227724
33.000000,0.9485714285714286
34.000000,0.9587301587301588
35.000000,0.9486036838978015
36.000000,0.921968787515006
37.000000,0.8944815039417829
38.000000,0.9442401960784312
39.000000,0.9501547987616098
40.000000,0.9195869837296621
41.000000,0.9196710942441492
42.000000,0.9287084398976981
43.000000,0.9343891402714932
44.000000,0.9783549783549783
45.000000,0.9855769230769231
46.000000,0.957461892945764
47.000000,0.9709677419354839
48.000000,0.9803703703703703
49.000000,0.9588014981273408
50.000000,0.9852272727272727
51.000000,0.9850574712643678
52.000000,0.9872093023255815
53.000000,0.9767441860465116
54.000000,0.9588870431893688
55.000000,0.9900947459086995
56.000000,0.9355992844364938
57.000000,0.9883720930232558
58.000000,0.9957647058823529
59.000000,0.9975490196078431
60.000000,0.9969309462915601
61.000000,0.995187165775401
62.000000,0.9816017316017316
63.000000,0.9790249433106577
64.000000,0.9965576592082617
65.000000,0.9854819976771196
66.000000,0.975609756097561
67.000000,0.95
68.000000,0.9918750000000001
69.000000,0.9750000000000001
70.000000,0.9613590939373751
71.000000,0.9973009446693657
72.000000,0.9985754985754985
73.000000,0.9985569985569985
74.000000,0.9985380116959065
75.000000,1.0
76.000000,1.0
77.000000,1.0
78.000000,1.0
79.000000,1.0
80.000000,1.0
81.000000,1.0
82.000000,1.0
83.000000,1.0
84.000000,1.0
85.000000,1.0
86.000000,1.0
87.000000,1.0
88.000000,1.0
89.000000,1.0
90.000000,1.0
91.000000,1.0
92.000000,1.0
93.000000,1.0
94.000000,1.0
95.000000,1.0
96.000000,1.0
97.000000,1.0
98.000000,1.0
99.000000,1.0
100.000000,1.0
101.000000,1.0
102.000000,1.0
103.000000,1.0
104.000000,1.0
105.000000,1.0
106.000000,1.0
107.000000,1.0
108.000000,1.0
109.000000,1.0
110.000000,1.0
111.000000,1.0
112.000000,1.0
113.000000,1.0
114.000000,1.0
115.000000,1.0
116.000000,1.0
117.000000,1.0
118.000000,1.0
119.000000,1.0
120.000000,1.0
121.000000,1.0
122.000000,1.0
123.000000,1.0
124.000000,1.0
125.000000,1.0
126.000000,1.0
127.000000,1.0
128.000000,1.0
129.000000,1.0
130.000000,1.0
131.000000,1.0
132.000000,1.0
133.000000,1.0
134.000000,1.0
135.000000,1.0
136.000000,1.0
137.000000,1.0
138.000000,1.0
139.000000,1.0
140.000000,1.0
141.000000,None
142.000000,None
143.000000,None
144.000000,None
145.000000,None
146.000000,None
147.000000,None
148.000000,None
149.000000,None
150.000000,None
151.000000,None
152.000000,None
153.000000,None
154.000000,None
155.000000,None
156.000000,None
157.000000,None
158.000000,None
159.000000,None
160.000000,None
161.000000,None
162.000000,None
163.000000,None
164.000000,None
165.000000,None
166.000000,None
167.000000,None
168.000000,None
