time,auc
1.000000,0.7037606837606838
2.000000,0.7441130298273155
3.000000,0.7478632478632478
4.000000,0.7141298417894162
5.000000,0.7491638795986622
6.000000,0.8697056030389364
7.000000,0.8576146076146076
8.000000,0.8296561319817134
9.000000,0.8994708994708994
10.000000,0.7996664582030435
11.000000,0.8376068376068376
12.000000,0.8584264738110892
13.000000,0.8699955015744489
14.000000,0.8075768075768076
15.000000,0.7775403608736942
16.000000,0.8393162393162393
17.000000,0.8009049773755655
18.000000,0.7601657601657602
19.000000,0.8178418803418803
20.000000,0.8356768679349325
21.000000,0.827065527065527
22.000000,0.8237547892720306
23.000000,0.8199023199023199
24.000000,0.7866413421968977
25.000000,0.8109796186719264
26.000000,0.794761273209549
27.000000,0.7946488294314382
28.000000,0.8262483130904184
29.000000,0.7880701754385965
30.000000,0.7839912280701755
31.000000,0.7905604719764011
32.000000,0.7622767857142856
33.000000,0.7927927927927928
34.000000,0.763807285546416
35.000000,0.7956521739130435
36.000000,0.7421487603305785
37.000000,0.7814845704753961
38.000000,0.8038444735692442
39.000000,0.7054673721340388
40.000000,0.7596795727636849
41.000000,0.8214953271028037
42.000000,0.7860304968027545
43.000000,0.7547169811320755
44.000000,0.8325814536340852
45.000000,0.855026455026455
46.000000,0.8280112044817928
47.000000,0.8591628959276018
48.000000,0.7974759615384615
49.000000,0.8980769230769231
50.000000,0.8743131868131868
51.000000,0.90499306518724
52.000000,0.9180672268907564
53.000000,0.9411764705882353
54.000000,0.964965727341965
55.000000,0.9504950495049505
56.000000,0.9414941494149416
57.000000,0.9418181818181819
58.000000,0.9229999999999999
59.000000,0.9311111111111111
60.000000,0.9696969696969696
61.000000,0.9684343434343434
62.000000,0.9668109668109668
63.000000,0.978134110787172
64.000000,0.9690721649484536
65.000000,0.9717261904761905
66.000000,0.9804511278195489
67.000000,0.9787234042553191
68.000000,0.9738863287250383
69.000000,0.9285714285714286
70.000000,0.9311594202898552
71.000000,0.9739130434782609
72.000000,0.9836956521739131
73.000000,0.978021978021978
74.000000,0.9916666666666667
75.000000,0.9851851851851852
76.000000,0.9925093632958801
77.000000,0.9887640449438202
78.000000,0.9550561797752809
79.000000,1.0
80.000000,1.0
81.000000,1.0
82.000000,1.0
83.000000,None
84.000000,None
85.000000,None
86.000000,None
87.000000,None
88.000000,None
89.000000,None
90.000000,None
91.000000,None
92.000000,None
93.000000,None
94.000000,None
95.000000,None
96.000000,None
97.000000,None
98.000000,None
99.000000,None
100.000000,None
101.000000,None
102.000000,None
103.000000,None
104.000000,None
105.000000,None
106.000000,None
107.000000,None
108.000000,None
109.000000,None
110.000000,None
111.000000,None
112.000000,None
113.000000,None
114.000000,None
115.000000,None
116.000000,None
117.000000,None
118.000000,None
119.000000,None
120.000000,None
121.000000,None
122.000000,None
123.000000,None
124.000000,None
125.000000,None
126.000000,None
127.000000,None
128.000000,None
129.000000,None
130.000000,None
131.000000,None
132.000000,None
133.000000,None
134.000000,None
135.000000,None
136.000000,None
137.000000,None
138.000000,None
139.000000,None
140.000000,None
141.000000,None
142.000000,None
143.000000,None
144.000000,None
145.000000,None
146.000000,None
147.000000,None
148.000000,None
149.000000,None
150.000000,None
151.000000,None
152.000000,None
153.000000,None
154.000000,None
155.000000,None
156.000000,None
157.000000,None
158.000000,None
159.000000,None
160.000000,None
161.000000,None
162.000000,None
163.000000,None
164.000000,None
165.000000,None
166.000000,None
167.000000,None
168.000000,None
