time,auc
1.000000,0.5764102564102564
2.000000,0.7075862068965518
3.000000,0.6930434782608695
4.000000,0.5889473684210527
5.000000,0.6888650196920874
6.000000,0.7357774968394436
7.000000,0.5809037900874635
8.000000,0.7689732142857143
9.000000,0.768581081081081
10.000000,0.7422348484848486
11.000000,0.7661508704061896
12.000000,0.69901185770751
13.000000,0.8224970083765457
14.000000,0.839573268921095
15.000000,0.7386831275720165
16.000000,0.7615784008307372
17.000000,0.8174004192872117
18.000000,0.8029588336192109
19.000000,0.7712121212121212
20.000000,0.8070367132867133
21.000000,0.8875772285966461
22.000000,0.7570557687965681
23.000000,0.8441978733240869
24.000000,0.8609992896045465
25.000000,0.8373983739837397
26.000000,0.8759803921568627
27.000000,0.806184012066365
28.000000,0.9146991622239146
29.000000,0.8418447107868682
30.000000,0.8613157894736843
31.000000,0.9066985645933013
32.000000,0.8856128856128855
33.000000,0.890788747931605
34.000000,0.8917233560090703
35.000000,0.9017492711370263
36.000000,0.9174669867947179
37.000000,0.9005457853244391
38.000000,0.903799019607843
39.000000,0.9417956656346749
40.000000,0.9255319148936171
41.000000,0.8926499032882012
42.000000,0.9537898936170213
43.000000,0.944063143445436
44.000000,0.9507457509538675
45.000000,0.9591397849462365
46.000000,0.9735507246376811
47.000000,0.9760119940029984
48.000000,0.9658385093167702
49.000000,0.9666405023547882
50.000000,0.9623015873015873
51.000000,0.9482343499197432
52.000000,0.9808572617561381
53.000000,0.9734848484848486
54.000000,0.9629629629629629
55.000000,0.9557913351016799
56.000000,0.9462068965517242
57.000000,0.953953488372093
58.000000,0.9738372093023255
59.000000,0.9504550050556118
60.000000,0.9861892583120205
61.000000,0.9870600414078676
62.000000,0.9751082251082251
63.000000,0.9589266155531216
64.000000,0.961560527825588
65.000000,0.9915662650602409
66.000000,0.9556119213696893
67.000000,0.9717586649550705
68.000000,0.962059620596206
69.000000,0.9835390946502058
70.000000,0.9750000000000001
71.000000,0.9922644163150492
72.000000,0.9888309754281459
73.000000,0.9894419306184012
74.000000,0.983173076923077
75.000000,0.9943181818181818
76.000000,0.9671052631578947
77.000000,0.9657894736842105
78.000000,0.9893333333333333
79.000000,0.9963963963963964
80.000000,0.9990347490347491
81.000000,0.997920997920998
82.000000,1.0
83.000000,1.0
84.000000,1.0
85.000000,1.0
86.000000,1.0
87.000000,1.0
88.000000,1.0
89.000000,1.0
90.000000,1.0
91.000000,1.0
92.000000,1.0
93.000000,1.0
94.000000,1.0
95.000000,1.0
96.000000,1.0
97.000000,1.0
98.000000,1.0
99.000000,1.0
100.000000,1.0
101.000000,1.0
102.000000,1.0
103.000000,1.0
104.000000,1.0
105.000000,1.0
106.000000,1.0
107.000000,1.0
108.000000,1.0
109.000000,1.0
110.000000,1.0
111.000000,1.0
112.000000,1.0
113.000000,1.0
114.000000,1.0
115.000000,1.0
116.000000,1.0
117.000000,1.0
118.000000,1.0
119.000000,1.0
120.000000,1.0
121.000000,1.0
122.000000,1.0
123.000000,1.0
124.000000,1.0
125.000000,1.0
126.000000,1.0
127.000000,1.0
128.000000,1.0
129.000000,1.0
130.000000,1.0
131.000000,1.0
132.000000,1.0
133.000000,1.0
134.000000,1.0
135.000000,1.0
136.000000,1.0
137.000000,1.0
138.000000,None
139.000000,None
140.000000,None
141.000000,None
142.000000,None
143.000000,None
144.000000,None
145.000000,None
146.000000,None
147.000000,None
148.000000,None
149.000000,None
150.000000,None
151.000000,None
152.000000,None
153.000000,None
154.000000,None
155.000000,None
156.000000,None
157.000000,None
158.000000,None
159.000000,None
160.000000,None
161.000000,None
162.000000,None
163.000000,None
164.000000,None
165.000000,None
166.000000,None
167.000000,None
168.000000,None
