time,auc
1.000000,0.7028397565922921
2.000000,0.6936061381074169
3.000000,0.8197454420364637
4.000000,0.7982456140350878
5.000000,0.7831858407079647
6.000000,0.7809283005237493
7.000000,0.7002551020408163
8.000000,0.788931788931789
9.000000,0.7533783783783784
10.000000,0.7903009392371095
11.000000,0.7955346650998825
12.000000,0.8541501976284586
13.000000,0.821010101010101
14.000000,0.8419979612640163
15.000000,0.8079649708090075
16.000000,0.9128787878787878
17.000000,0.8725573491928633
18.000000,0.9082332761578045
19.000000,0.9008336989907854
20.000000,0.9136212624584719
21.000000,0.8854875283446713
22.000000,0.9043040293040293
23.000000,0.8888367729831145
24.000000,0.8870192307692307
25.000000,0.8794378698224852
26.000000,0.8750311177495643
27.000000,0.808446455505279
28.000000,0.8151815181518152
29.000000,0.8461538461538463
30.000000,0.8629888629888629
31.000000,0.8367889420521
32.000000,0.8775510204081631
33.000000,0.8769994484280199
34.000000,0.8900226757369615
35.000000,0.8774341351660939
36.000000,0.8524305555555556
37.000000,0.8580357142857143
38.000000,0.8734681372549019
39.000000,0.86656346749226
40.000000,0.8739048811013767
41.000000,0.8292220113851992
42.000000,0.8849104859335039
43.000000,0.9324769433465085
44.000000,0.929008152173913
45.000000,0.9312762973352035
46.000000,0.9065217391304348
47.000000,0.9122938530734633
48.000000,0.9389920424403183
49.000000,0.9474097331240188
50.000000,0.9597069597069597
51.000000,0.9740740740740741
52.000000,0.9579692051602163
53.000000,0.968013468013468
54.000000,0.9772727272727274
55.000000,0.994090909090909
56.000000,0.9958620689655173
57.000000,0.9925581395348837
58.000000,0.9840116279069768
59.000000,0.9833333333333334
60.000000,0.99846547314578
61.000000,0.9951871657754011
62.000000,0.9978354978354979
63.000000,0.9989047097480832
64.000000,1.0
65.000000,0.9994192799070848
66.000000,1.0
67.000000,1.0
68.000000,1.0
69.000000,1.0
70.000000,1.0
71.000000,1.0
72.000000,1.0
73.000000,1.0
74.000000,1.0
75.000000,1.0
76.000000,1.0
77.000000,1.0
78.000000,1.0
79.000000,1.0
80.000000,1.0
81.000000,1.0
82.000000,1.0
83.000000,1.0
84.000000,1.0
85.000000,1.0
86.000000,1.0
87.000000,1.0
88.000000,1.0
89.000000,1.0
90.000000,1.0
91.000000,1.0
92.000000,1.0
93.000000,1.0
94.000000,1.0
95.000000,1.0
96.000000,1.0
97.000000,1.0
98.000000,1.0
99.000000,1.0
100.000000,1.0
101.000000,1.0
102.000000,1.0
103.000000,1.0
104.000000,1.0
105.000000,1.0
106.000000,1.0
107.000000,1.0
108.000000,1.0
109.000000,1.0
110.000000,1.0
111.000000,1.0
112.000000,1.0
113.000000,1.0
114.000000,1.0
115.000000,1.0
116.000000,1.0
117.000000,1.0
118.000000,1.0
119.000000,1.0
120.000000,1.0
121.000000,1.0
122.000000,1.0
123.000000,1.0
124.000000,1.0
125.000000,1.0
126.000000,1.0
127.000000,1.0
128.000000,1.0
129.000000,1.0
130.000000,1.0
131.000000,1.0
132.000000,1.0
133.000000,1.0
134.000000,1.0
135.000000,1.0
136.000000,1.0
137.000000,1.0
138.000000,1.0
139.000000,1.0
140.000000,1.0
141.000000,1.0
142.000000,None
143.000000,None
144.000000,None
145.000000,None
146.000000,None
147.000000,None
148.000000,None
149.000000,None
150.000000,None
151.000000,None
152.000000,None
153.000000,None
154.000000,None
155.000000,None
156.000000,None
157.000000,None
158.000000,None
159.000000,None
160.000000,None
161.000000,None
162.000000,None
163.000000,None
164.000000,None
165.000000,None
166.000000,None
167.000000,None
168.000000,None
