time,auc
1.000000,0.6540989277066759
2.000000,0.7533545197740114
3.000000,0.7365668950595025
4.000000,0.6903095062638172
5.000000,0.7733184689706428
6.000000,0.7955397301349326
7.000000,0.6302681992337165
8.000000,0.8140673981191222
9.000000,0.7536086607858862
10.000000,0.7744252873563218
11.000000,0.7771236333052985
12.000000,0.8
13.000000,0.8530061892130858
14.000000,0.8882943143812709
15.000000,0.7981693363844394
16.000000,0.7863689776733255
17.000000,0.8012091038406829
18.000000,0.8642787524366471
19.000000,0.8652900688298918
20.000000,0.8467762326169405
21.000000,0.8313378448724622
22.000000,0.8613445378151261
23.000000,0.8482142857142857
24.000000,0.876953125
25.000000,0.8496543778801843
26.000000,0.8708333333333333
27.000000,0.8863916256157635
28.000000,0.8960459183673469
29.000000,0.8861003861003861
30.000000,0.9422077922077923
31.000000,0.9222222222222222
32.000000,0.9573426573426573
33.000000,0.9309090909090909
34.000000,0.946590909090909
35.000000,0.9703557312252964
36.000000,0.9756198347107439
37.000000,0.9658048373644703
38.000000,0.963739624290083
39.000000,0.9717813051146384
40.000000,0.9430555555555555
41.000000,0.9576023391812866
42.000000,0.9742798353909465
43.000000,0.9709241952232607
44.000000,0.9681143485431556
45.000000,0.9707943925233644
46.000000,0.9651090342679127
47.000000,0.9786163522012579
48.000000,0.97911051212938
49.000000,0.9608127721335269
50.000000,0.9816849816849816
51.000000,0.9822485207100592
52.000000,0.9791666666666666
53.000000,0.9781468531468531
54.000000,0.9673433362753752
55.000000,0.9757281553398058
56.000000,0.9719525350593312
57.000000,0.9817961165048544
58.000000,0.9694868238557559
59.000000,0.988673139158576
60.000000,0.9844660194174758
61.000000,0.970873786407767
62.000000,0.9320388349514563
63.000000,0.9150326797385621
64.000000,0.9405940594059407
65.000000,0.9833333333333333
66.000000,0.9663299663299664
67.000000,0.9591836734693877
68.000000,0.9725085910652921
69.000000,0.9722222222222222
70.000000,0.9635416666666667
71.000000,0.968421052631579
72.000000,0.9680851063829787
73.000000,0.989247311827957
74.000000,0.9891304347826088
75.000000,0.9890109890109889
76.000000,1.0
77.000000,1.0
78.000000,1.0
79.000000,1.0
80.000000,1.0
81.000000,None
82.000000,None
83.000000,None
84.000000,None
85.000000,None
86.000000,None
87.000000,None
88.000000,None
89.000000,None
90.000000,None
91.000000,None
92.000000,None
93.000000,None
94.000000,None
95.000000,None
96.000000,None
97.000000,None
98.000000,None
99.000000,None
100.000000,None
101.000000,None
102.000000,None
103.000000,None
104.000000,None
105.000000,None
106.000000,None
107.000000,None
108.000000,None
109.000000,None
110.000000,None
111.000000,None
112.000000,None
113.000000,None
114.000000,None
115.000000,None
116.000000,None
117.000000,None
118.000000,None
119.000000,None
120.000000,None
121.000000,None
122.000000,None
123.000000,None
124.000000,None
125.000000,None
126.000000,None
127.000000,None
128.000000,None
129.000000,None
130.000000,None
131.000000,None
132.000000,None
133.000000,None
134.000000,None
135.000000,None
136.000000,None
137.000000,None
138.000000,None
139.000000,None
140.000000,None
141.000000,None
142.000000,None
143.000000,None
144.000000,None
145.000000,None
146.000000,None
147.000000,None
148.000000,None
149.000000,None
150.000000,None
151.000000,None
152.000000,None
153.000000,None
154.000000,None
155.000000,None
156.000000,None
157.000000,None
158.000000,None
159.000000,None
160.000000,None
161.000000,None
162.000000,None
163.000000,None
164.000000,None
165.000000,None
166.000000,None
167.000000,None
168.000000,None
