time,auc
1.000000,0.47718052738336714
2.000000,0.5266837169650469
3.000000,0.7702608695652173
4.000000,0.738243123336291
5.000000,0.7515216612960975
6.000000,0.7767744265847932
7.000000,0.8139749262536874
8.000000,0.7576727546601394
9.000000,0.7853343465045592
10.000000,0.8311335403726708
11.000000,0.8474343909126517
12.000000,0.791699604743083
13.000000,0.8230953330674112
14.000000,0.8813455657492355
15.000000,0.7695473251028806
16.000000,0.7950155763239876
17.000000,0.8457943925233645
18.000000,0.8898065637904804
19.000000,0.8495772140631954
20.000000,0.9079065588499551
21.000000,0.8859410430839002
22.000000,0.8651556776556776
23.000000,0.8733583489681052
24.000000,0.9005446365143263
25.000000,0.8883309421329507
26.000000,0.9002450980392158
27.000000,0.8687782805429863
28.000000,0.8745874587458746
29.000000,0.9098488796248045
30.000000,0.8884131656408883
31.000000,0.9067656765676567
32.000000,0.8919444444444445
33.000000,0.9166666666666667
34.000000,0.8942743764172335
35.000000,0.898052691867125
36.000000,0.9110456553755523
37.000000,0.9104166666666667
38.000000,0.8754887218045112
39.000000,0.9077399380804952
40.000000,0.9240829346092504
41.000000,0.925986842105263
42.000000,0.903904923599321
43.000000,0.9207017543859649
44.000000,0.9524822695035461
45.000000,0.958547322083639
46.000000,0.9581015943641082
47.000000,0.9658920539730135
48.000000,0.96777950310559
49.000000,0.9509419152276295
50.000000,0.9261904761904761
51.000000,0.9308641975308642
52.000000,0.9155222638368705
53.000000,0.9204840103716507
54.000000,0.9440559440559441
55.000000,0.9681697612732095
56.000000,0.9577011494252874
57.000000,0.9437209302325581
58.000000,0.9423449612403101
59.000000,0.9019607843137255
60.000000,0.9424603174603174
61.000000,0.9457831325301205
62.000000,0.9496951219512195
63.000000,0.9559915164369035
64.000000,0.9550997782705101
65.000000,0.9668911335578002
66.000000,0.9494415049970606
67.000000,0.9613095238095237
68.000000,0.9637499999999999
69.000000,0.9772151898734177
70.000000,0.9726848767488341
71.000000,0.9871794871794872
72.000000,0.957977207977208
73.000000,0.9803921568627451
74.000000,0.988540870893812
75.000000,0.965909090909091
76.000000,0.990953947368421
77.000000,0.9858333333333333
78.000000,0.991111111111111
79.000000,0.9864864864864864
80.000000,0.9908675799086759
81.000000,0.9981481481481482
82.000000,0.9920634920634921
83.000000,0.9979879275653923
84.000000,0.9967497291440953
85.000000,0.9967032967032967
86.000000,0.9955406911928651
87.000000,0.995475113122172
88.000000,0.9975490196078431
89.000000,0.9986631016042782
90.000000,1.0
91.000000,1.0
92.000000,1.0
93.000000,1.0
94.000000,1.0
95.000000,1.0
96.000000,1.0
97.000000,1.0
98.000000,1.0
99.000000,1.0
100.000000,1.0
101.000000,1.0
102.000000,1.0
103.000000,1.0
104.000000,1.0
105.000000,1.0
106.000000,1.0
107.000000,1.0
108.000000,1.0
109.000000,1.0
110.000000,1.0
111.000000,1.0
112.000000,1.0
113.000000,1.0
114.000000,1.0
115.000000,1.0
116.000000,1.0
117.000000,1.0
118.000000,1.0
119.000000,1.0
120.000000,1.0
121.000000,1.0
122.000000,1.0
123.000000,1.0
124.000000,1.0
125.000000,1.0
126.000000,1.0
127.000000,1.0
128.000000,1.0
129.000000,1.0
130.000000,1.0
131.000000,1.0
132.000000,1.0
133.000000,1.0
134.000000,1.0
135.000000,1.0
136.000000,1.0
137.000000,None
138.000000,None
139.000000,None
140.000000,None
141.000000,None
142.000000,None
143.000000,None
144.000000,None
145.000000,None
146.000000,None
147.000000,None
148.000000,None
149.000000,None
150.000000,None
151.000000,None
152.000000,None
153.000000,None
154.000000,None
155.000000,None
156.000000,None
157.000000,None
158.000000,None
159.000000,None
160.000000,None
161.000000,None
162.000000,None
163.000000,None
164.000000,None
165.000000,None
166.000000,None
167.000000,None
168.000000,None
