time,auc
1.000000,0.5536752136752137
2.000000,0.6349999999999999
3.000000,0.7923478260869565
4.000000,0.7863157894736842
5.000000,0.7574292875044756
6.000000,0.8407079646017699
7.000000,0.7607507288629738
8.000000,0.8530979959551388
9.000000,0.8077922077922077
10.000000,0.8604166666666667
11.000000,0.8178516819571865
12.000000,0.84375
13.000000,0.8977803738317757
14.000000,0.8901336477987422
15.000000,0.922922521075873
16.000000,0.9097621000820345
17.000000,0.9364389233954451
18.000000,0.9144973544973545
19.000000,0.9125541125541126
20.000000,0.9331293706293706
21.000000,0.9276257722859664
22.000000,0.9108150824113795
23.000000,0.939124487004104
24.000000,0.9085885332719318
25.000000,0.9306930693069306
26.000000,0.9108910891089109
27.000000,0.9134146341463414
28.000000,0.924
29.000000,0.9118686868686868
30.000000,0.9561224489795919
31.000000,0.915721649484536
32.000000,0.915411049431668
33.000000,0.9081196581196581
34.000000,0.9032346491228069
35.000000,0.9110803324099724
36.000000,0.9238521836506159
37.000000,0.9250141482739106
38.000000,0.9011915140947399
39.000000,0.9184587813620072
40.000000,0.9221014492753622
41.000000,0.9261294261294261
42.000000,0.9203703703703703
43.000000,0.8942857142857144
44.000000,0.9052969502407705
45.000000,0.9211038961038961
46.000000,0.9425133689839572
47.000000,0.9469696969696969
48.000000,0.9292929292929293
49.000000,0.9411557434813248
50.000000,0.940406976744186
51.000000,0.9564891222805703
52.000000,0.9442125237191651
53.000000,0.9388235294117647
54.000000,0.9607142857142856
55.000000,0.9610441767068274
56.000000,0.950976319069381
57.000000,0.9574010327022375
58.000000,0.9503484320557491
59.000000,0.9563492063492063
60.000000,0.9501600365797896
61.000000,0.9513888888888888
62.000000,0.9639423076923077
63.000000,0.9710000000000001
64.000000,0.9675949367088608
65.000000,0.9635897435897435
66.000000,0.9695512820512819
67.000000,0.9680735930735931
68.000000,0.9736842105263157
69.000000,0.9725400457665904
70.000000,0.9698550724637681
71.000000,0.9782608695652174
72.000000,0.9754299754299753
73.000000,0.9757160647571606
74.000000,0.9778212654924985
75.000000,0.9814814814814814
76.000000,0.9785378940308517
77.000000,0.982312925170068
78.000000,0.9806763285024154
79.000000,0.9804347826086957
80.000000,0.984744469870328
81.000000,0.9806763285024154
82.000000,0.9754901960784313
83.000000,0.9817578772802653
84.000000,0.9764309764309764
85.000000,0.982905982905983
86.000000,0.9817708333333334
87.000000,0.9902998236331569
88.000000,0.9869281045751634
89.000000,0.9886148007590132
90.000000,0.9818548387096774
91.000000,0.9877049180327869
92.000000,0.9912568306010928
93.000000,0.9953161592505855
94.000000,0.9899117276166457
95.000000,0.9884615384615385
96.000000,0.9930555555555556
97.000000,0.9901129943502825
98.000000,0.9942528735632183
99.000000,0.9984326018808777
100.000000,0.9984051036682615
101.000000,1.0
102.000000,1.0
103.000000,1.0
104.000000,1.0
105.000000,1.0
106.000000,1.0
107.000000,1.0
108.000000,1.0
109.000000,1.0
110.000000,1.0
111.000000,1.0
112.000000,1.0
113.000000,1.0
114.000000,1.0
115.000000,1.0
116.000000,1.0
117.000000,1.0
118.000000,1.0
119.000000,1.0
120.000000,1.0
121.000000,1.0
122.000000,1.0
123.000000,1.0
124.000000,1.0
125.000000,1.0
126.000000,1.0
127.000000,1.0
128.000000,1.0
129.000000,1.0
130.000000,1.0
131.000000,1.0
132.000000,1.0
133.000000,1.0
134.000000,1.0
135.000000,1.0
136.000000,1.0
137.000000,1.0
138.000000,1.0
139.000000,1.0
140.000000,None
141.000000,None
142.000000,None
143.000000,None
144.000000,None
145.000000,None
146.000000,None
147.000000,None
148.000000,None
149.000000,None
150.000000,None
151.000000,None
152.000000,None
153.000000,None
154.000000,None
155.000000,None
156.000000,None
157.000000,None
158.000000,None
159.000000,None
160.000000,None
161.000000,None
162.000000,None
163.000000,None
164.000000,None
165.000000,None
166.000000,None
167.000000,None
168.000000,None
