time,auc
1.000000,0.6323529411764706
2.000000,0.6293265132139813
3.000000,0.5997592019263847
4.000000,0.6137428422696513
5.000000,0.7762831858407079
6.000000,0.6942857142857143
7.000000,0.731231778425656
8.000000,0.5907738095238095
9.000000,0.7287912912912913
10.000000,0.7642323174238068
11.000000,0.7963180571876224
12.000000,0.8636363636363636
13.000000,0.8581818181818182
14.000000,0.8892966360856269
15.000000,0.9291075896580483
16.000000,0.8874158249158249
17.000000,0.9197111299915038
18.000000,0.914149098022169
19.000000,0.9170688898639754
20.000000,0.9007187780772686
21.000000,0.8852607709750566
22.000000,0.8974358974358975
23.000000,0.8650023116042533
24.000000,0.8887047122898413
25.000000,0.8868932038834951
26.000000,0.904656862745098
27.000000,0.900201106083459
28.000000,0.9240924092409241
29.000000,0.9071794871794872
30.000000,0.926842105263158
31.000000,0.9218918918918919
32.000000,0.9295659295659295
33.000000,0.9090909090909091
34.000000,0.9232323232323232
35.000000,0.9370262390670554
36.000000,0.9339735894357742
37.000000,0.9257125530624621
38.000000,0.9525122549019607
39.000000,0.9517045454545455
40.000000,0.94896331738437
41.000000,0.955190199871051
42.000000,0.9474734042553191
43.000000,0.925739247311828
44.000000,0.9643342391304348
45.000000,0.9505610098176718
46.000000,0.9425735554767812
47.000000,0.9562724014336919
48.000000,0.9581481481481481
49.000000,0.9475655430711611
50.000000,0.9577683068578071
51.000000,0.9510188087774295
52.000000,0.9492694805194806
53.000000,0.9536124794745485
54.000000,0.943936877076412
55.000000,0.9659776055124891
56.000000,0.9342047930283224
57.000000,0.9723981900452489
58.000000,0.951007326007326
59.000000,0.9614285714285714
60.000000,0.9489087301587301
61.000000,0.9598393574297189
62.000000,0.9392352016762704
63.000000,0.9687168610816543
64.000000,0.9933481152993349
65.000000,0.9605110336817654
66.000000,0.9570840681951793
67.000000,0.9619047619047618
68.000000,0.9968750000000001
69.000000,0.9588607594936709
70.000000,0.9753497668221185
71.000000,0.9936708860759494
72.000000,0.9971509971509971
73.000000,0.9978354978354979
74.000000,0.9885408708938122
75.000000,0.9992260061919505
76.000000,0.9976470588235293
77.000000,1.0
78.000000,1.0
79.000000,1.0
80.000000,1.0
81.000000,1.0
82.000000,1.0
83.000000,1.0
84.000000,1.0
85.000000,1.0
86.000000,1.0
87.000000,1.0
88.000000,1.0
89.000000,1.0
90.000000,1.0
91.000000,1.0
92.000000,1.0
93.000000,1.0
94.000000,1.0
95.000000,1.0
96.000000,1.0
97.000000,1.0
98.000000,1.0
99.000000,1.0
100.000000,1.0
101.000000,1.0
102.000000,1.0
103.000000,1.0
104.000000,1.0
105.000000,1.0
106.000000,1.0
107.000000,1.0
108.000000,1.0
109.000000,1.0
110.000000,1.0
111.000000,1.0
112.000000,1.0
113.000000,1.0
114.000000,1.0
115.000000,1.0
116.000000,1.0
117.000000,1.0
118.000000,1.0
119.000000,1.0
120.000000,1.0
121.000000,1.0
122.000000,1.0
123.000000,1.0
124.000000,1.0
125.000000,1.0
126.000000,1.0
127.000000,1.0
128.000000,1.0
129.000000,1.0
130.000000,1.0
131.000000,1.0
132.000000,1.0
133.000000,1.0
134.000000,1.0
135.000000,1.0
136.000000,1.0
137.000000,1.0
138.000000,1.0
139.000000,1.0
140.000000,None
141.000000,None
142.000000,None
143.000000,None
144.000000,None
145.000000,None
146.000000,None
147.000000,None
148.000000,None
149.000000,None
150.000000,None
151.000000,None
152.000000,None
153.000000,None
154.000000,None
155.000000,None
156.000000,None
157.000000,None
158.000000,None
159.000000,None
160.000000,None
161.000000,None
162.000000,None
163.000000,None
164.000000,None
165.000000,None
166.000000,None
167.000000,None
168.000000,None
