time,auc
1.000000,0.5960683760683761
2.000000,0.7988836560265131
3.000000,0.6258903133903134
4.000000,0.7772322240407348
5.000000,0.6701969528056485
6.000000,0.6841405508072175
7.000000,0.6174329501915709
8.000000,0.8
9.000000,0.63300395256917
10.000000,0.7567239635995956
11.000000,0.7737060041407867
12.000000,0.7681866383881231
13.000000,0.7952173913043479
14.000000,0.7681159420289855
15.000000,0.7553775743707094
16.000000,0.8153277931671282
17.000000,0.8451872925557137
18.000000,0.8932748538011697
19.000000,0.7992481203007519
20.000000,0.8232714138286893
21.000000,0.8206663196251952
22.000000,0.7712523464735854
23.000000,0.79004329004329
24.000000,0.8703248703248704
25.000000,0.9272727272727272
26.000000,0.9545454545454546
27.000000,0.9041055718475074
28.000000,0.9103030303030303
29.000000,0.9047021943573668
30.000000,0.9098386586523253
31.000000,0.9374201787994891
32.000000,0.9404761904761904
33.000000,0.9293552812071331
34.000000,0.9113247863247863
35.000000,0.9455555555555555
36.000000,0.9525233644859813
37.000000,0.8835669781931464
38.000000,0.8976026005688744
39.000000,0.9379779099405267
40.000000,0.9622641509433962
41.000000,0.9097035040431267
42.000000,0.8801886792452832
43.000000,0.9252380952380953
44.000000,0.9468671679197995
45.000000,0.9554655870445344
46.000000,0.9353632478632479
47.000000,0.9304298642533937
48.000000,0.953125
49.000000,0.9570512820512821
50.000000,0.9605177993527507
51.000000,0.9784313725490196
52.000000,0.9775910364145658
53.000000,0.9837340876944838
54.000000,0.9657273419649657
55.000000,0.9777227722772277
56.000000,0.9846984698469847
57.000000,0.9772727272727273
58.000000,0.992653810835629
59.000000,0.9838383838383838
60.000000,0.9826530612244898
61.000000,0.9731958762886599
62.000000,0.9874999999999999
63.000000,0.9863157894736843
64.000000,0.9871345029239766
65.000000,0.9855263157894737
66.000000,0.9609022556390977
67.000000,0.9105263157894736
68.000000,0.9726315789473685
69.000000,0.9851063829787234
70.000000,0.973404255319149
71.000000,0.9822695035460993
72.000000,0.992831541218638
73.000000,0.9855072463768115
74.000000,0.9890109890109889
75.000000,0.9814814814814814
76.000000,1.0
77.000000,1.0
78.000000,1.0
79.000000,None
80.000000,None
81.000000,None
82.000000,None
83.000000,None
84.000000,None
85.000000,None
86.000000,None
87.000000,None
88.000000,None
89.000000,None
90.000000,None
91.000000,None
92.000000,None
93.000000,None
94.000000,None
95.000000,None
96.000000,None
97.000000,None
98.000000,None
99.000000,None
100.000000,None
101.000000,None
102.000000,None
103.000000,None
104.000000,None
105.000000,None
106.000000,None
107.000000,None
108.000000,None
109.000000,None
110.000000,None
111.000000,None
112.000000,None
113.000000,None
114.000000,None
115.000000,None
116.000000,None
117.000000,None
118.000000,None
119.000000,None
120.000000,None
121.000000,None
122.000000,None
123.000000,None
124.000000,None
125.000000,None
126.000000,None
127.000000,None
128.000000,None
129.000000,None
130.000000,None
131.000000,None
132.000000,None
133.000000,None
134.000000,None
135.000000,None
136.000000,None
137.000000,None
138.000000,None
139.000000,None
140.000000,None
141.000000,None
142.000000,None
143.000000,None
144.000000,None
145.000000,None
146.000000,None
147.000000,None
148.000000,None
149.000000,None
150.000000,None
151.000000,None
152.000000,None
153.000000,None
154.000000,None
155.000000,None
156.000000,None
157.000000,None
158.000000,None
159.000000,None
160.000000,None
161.000000,None
162.000000,None
163.000000,None
164.000000,None
165.000000,None
166.000000,None
167.000000,None
168.000000,None
