time,auc
1.000000,0.34533468559837727
2.000000,0.41500426257459505
3.000000,0.5679394564843482
4.000000,0.4814035087719298
5.000000,0.6776991150442477
6.000000,0.6814285714285715
7.000000,0.6978862973760933
8.000000,0.5997023809523809
9.000000,0.7139057750759878
10.000000,0.723212574276404
11.000000,0.7704661182922052
12.000000,0.7871541501976285
13.000000,0.7141414141414141
14.000000,0.8621814475025484
15.000000,0.8152263374485597
16.000000,0.7904465212876428
17.000000,0.8640611724723875
18.000000,0.8066037735849058
19.000000,0.7994734532689776
20.000000,0.8467331118493909
21.000000,0.8448979591836735
22.000000,0.9110336817653891
23.000000,0.923311444652908
24.000000,0.9213942307692308
25.000000,0.8902912621359224
26.000000,0.9129901960784313
27.000000,0.8813474107591756
28.000000,0.9314546839299316
29.000000,0.9408546117769672
30.000000,0.9590580679689591
31.000000,0.9605405405405405
32.000000,0.9672222222222222
33.000000,0.9568571428571429
34.000000,0.9546897546897546
35.000000,0.9370172311348782
36.000000,0.959483793517407
37.000000,0.9693753790175864
38.000000,0.9675101530771633
39.000000,0.9618055555555556
40.000000,0.9629984051036683
41.000000,0.9713088330109607
42.000000,0.9783909574468085
43.000000,0.9842069892473119
44.000000,0.9826569545612209
45.000000,0.9842293906810036
46.000000,0.9826086956521739
47.000000,0.9816341829085458
48.000000,0.9859795377036756
49.000000,0.978544061302682
50.000000,0.9918636187524216
51.000000,0.9735152487961477
52.000000,0.9862671660424469
53.000000,0.9915824915824916
54.000000,0.9931885908897403
55.000000,0.9924845269672856
56.000000,0.992397137745975
57.000000,0.9936651583710406
58.000000,0.9858823529411765
59.000000,0.99
60.000000,0.9950396825396826
61.000000,0.9906832298136645
62.000000,0.9952854897852279
63.000000,0.9952279957582184
64.000000,0.9944567627494456
65.000000,0.9730639730639731
66.000000,0.9970605526161082
67.000000,0.9820987654320987
68.000000,0.9993502274204028
69.000000,0.9965706447187929
70.000000,0.9993055555555556
71.000000,1.0
72.000000,0.9992877492877493
73.000000,0.9985569985569985
74.000000,1.0
75.000000,0.9992260061919505
76.000000,0.9984313725490196
77.000000,1.0
78.000000,1.0
79.000000,1.0
80.000000,1.0
81.000000,1.0
82.000000,1.0
83.000000,1.0
84.000000,1.0
85.000000,1.0
86.000000,1.0
87.000000,1.0
88.000000,1.0
89.000000,1.0
90.000000,1.0
91.000000,1.0
92.000000,1.0
93.000000,1.0
94.000000,1.0
95.000000,1.0
96.000000,1.0
97.000000,1.0
98.000000,1.0
99.000000,1.0
100.000000,1.0
101.000000,1.0
102.000000,1.0
103.000000,1.0
104.000000,1.0
105.000000,1.0
106.000000,1.0
107.000000,1.0
108.000000,1.0
109.000000,1.0
110.000000,1.0
111.000000,1.0
112.000000,1.0
113.000000,1.0
114.000000,1.0
115.000000,1.0
116.000000,1.0
117.000000,1.0
118.000000,1.0
119.000000,1.0
120.000000,1.0
121.000000,1.0
122.000000,1.0
123.000000,1.0
124.000000,1.0
125.000000,1.0
126.000000,1.0
127.000000,1.0
128.000000,1.0
129.000000,1.0
130.000000,1.0
131.000000,1.0
132.000000,1.0
133.000000,1.0
134.000000,1.0
135.000000,1.0
136.000000,1.0
137.000000,1.0
138.000000,1.0
139.000000,1.0
140.000000,1.0
141.000000,None
142.000000,None
143.000000,None
144.000000,None
145.000000,None
146.000000,None
147.000000,None
148.000000,None
149.000000,None
150.000000,None
151.000000,None
152.000000,None
153.000000,None
154.000000,None
155.000000,None
156.000000,None
157.000000,None
158.000000,None
159.000000,None
160.000000,None
161.000000,None
162.000000,None
163.000000,None
164.000000,None
165.000000,None
166.000000,None
167.000000,None
168.000000,None
