time,auc
1.000000,0.7271805273833671
2.000000,0.6521739130434783
3.000000,0.7906776745786033
4.000000,0.6524561403508773
5.000000,0.8123881131399928
6.000000,0.7307206068268015
7.000000,0.837463556851312
8.000000,0.8474702380952381
9.000000,0.8301671732522796
10.000000,0.7741997316465402
11.000000,0.7761457109283196
12.000000,0.8946946946946948
13.000000,0.841932841932842
14.000000,0.8762396694214876
15.000000,0.8507399577167019
16.000000,0.9012987012987014
17.000000,0.9212860310421285
18.000000,0.926157977176102
19.000000,0.926605504587156
20.000000,0.9454246059750646
21.000000,0.9546112988894255
22.000000,0.9209025539300768
23.000000,0.9211711711711712
24.000000,0.9447016460905351
25.000000,0.9505291005291006
26.000000,0.9362745098039216
27.000000,0.9430415263748597
28.000000,0.9456018518518519
29.000000,0.9447431302270011
30.000000,0.9385802469135802
31.000000,0.9332694763729247
32.000000,0.9421296296296297
33.000000,0.9358710562414266
34.000000,0.9444444444444444
35.000000,0.9225925925925926
36.000000,0.9243827160493827
37.000000,0.9447040498442367
38.000000,0.9313287281592849
39.000000,0.9303313508920986
40.000000,0.9327992879394749
41.000000,0.9249775381850854
42.000000,0.9490566037735848
43.000000,0.9123809523809523
44.000000,0.9278195488721805
45.000000,0.9483805668016194
46.000000,0.9560551865099642
47.000000,0.9664602683178534
48.000000,0.9684095860566448
49.000000,0.9664466446644664
50.000000,0.9627256843331392
51.000000,0.969059405940594
52.000000,0.972937293729373
53.000000,0.9618104667609617
54.000000,0.9464285714285714
55.000000,0.9639249639249639
56.000000,0.9634809634809635
57.000000,0.9696969696969697
58.000000,0.9742883379247016
59.000000,0.9444444444444444
60.000000,0.9506172839506173
61.000000,0.9433106575963719
62.000000,0.9301260022909508
63.000000,0.9342783505154639
64.000000,0.9749631811487481
65.000000,0.96875
66.000000,0.9722222222222222
67.000000,0.9526315789473685
68.000000,0.9094736842105262
69.000000,0.8893617021276596
70.000000,0.9634408602150538
71.000000,0.9758064516129032
72.000000,0.9918478260869565
73.000000,0.9855072463768115
74.000000,0.9743589743589743
75.000000,1.0
76.000000,0.9962546816479401
77.000000,0.9550561797752809
78.000000,0.9829545454545455
79.000000,1.0
80.000000,1.0
81.000000,0.9883720930232558
82.000000,1.0
83.000000,1.0
84.000000,None
85.000000,None
86.000000,None
87.000000,None
88.000000,None
89.000000,None
90.000000,None
91.000000,None
92.000000,None
93.000000,None
94.000000,None
95.000000,None
96.000000,None
97.000000,None
98.000000,None
99.000000,None
100.000000,None
101.000000,None
102.000000,None
103.000000,None
104.000000,None
105.000000,None
106.000000,None
107.000000,None
108.000000,None
109.000000,None
110.000000,None
111.000000,None
112.000000,None
113.000000,None
114.000000,None
115.000000,None
116.000000,None
117.000000,None
118.000000,None
119.000000,None
120.000000,None
121.000000,None
122.000000,None
123.000000,None
124.000000,None
125.000000,None
126.000000,None
127.000000,None
128.000000,None
129.000000,None
130.000000,None
131.000000,None
132.000000,None
133.000000,None
134.000000,None
135.000000,None
136.000000,None
137.000000,None
138.000000,None
139.000000,None
140.000000,None
141.000000,None
142.000000,None
143.000000,None
144.000000,None
145.000000,None
146.000000,None
147.000000,None
148.000000,None
149.000000,None
150.000000,None
151.000000,None
152.000000,None
153.000000,None
154.000000,None
155.000000,None
156.000000,None
157.000000,None
158.000000,None
159.000000,None
160.000000,None
161.000000,None
162.000000,None
163.000000,None
164.000000,None
165.000000,None
166.000000,None
167.000000,None
168.000000,None
