time,auc
1.000000,0.508034188034188
2.000000,0.5775862068965517
3.000000,0.60890218156228
4.000000,0.6369121561668145
5.000000,0.6809782608695653
6.000000,0.7054093567251463
7.000000,0.7046460176991152
8.000000,0.7589285714285714
9.000000,0.7044072948328267
10.000000,0.8175196473068814
11.000000,0.9119922630560928
12.000000,0.7960474308300396
13.000000,0.8719585161547666
14.000000,0.857890499194847
15.000000,0.8588477366255144
16.000000,0.9360332294911733
17.000000,0.8945492662473794
18.000000,0.893968253968254
19.000000,0.8621212121212121
20.000000,0.8634178321678322
21.000000,0.9273255813953488
22.000000,0.8756868131868132
23.000000,0.9474671669793621
24.000000,0.9469571394743073
25.000000,0.9298543689320389
26.000000,0.9034313725490196
27.000000,0.9550025138260432
28.000000,0.9200206398348814
29.000000,0.9452840020844189
30.000000,0.9309606636339309
31.000000,0.9337183718371838
32.000000,0.9097222222222222
33.000000,0.9394285714285714
34.000000,0.9246753246753247
35.000000,0.9177064765300059
36.000000,0.9510804321728691
37.000000,0.932900432900433
38.000000,0.9615745079662605
39.000000,0.9729381443298969
40.000000,0.96875
41.000000,0.9648026315789473
42.000000,0.9607712765957447
43.000000,0.9724462365591398
44.000000,0.9774540409295873
45.000000,0.9673835125448028
46.000000,0.982608695652174
47.000000,0.9613943028485757
48.000000,0.9759316770186335
49.000000,0.9925431711145997
50.000000,0.9625559625559624
51.000000,0.9753086419753085
52.000000,0.990012484394507
53.000000,0.9727744165946414
54.000000,0.9873251748251748
55.000000,0.9916003536693192
56.000000,0.9783908045977011
57.000000,0.9911627906976743
58.000000,0.9941860465116279
59.000000,0.9944388270980788
60.000000,0.9989769820971867
61.000000,1.0
62.000000,0.9994588744588745
63.000000,1.0
64.000000,1.0
65.000000,1.0
66.000000,1.0
67.000000,1.0
68.000000,1.0
69.000000,1.0
70.000000,1.0
71.000000,1.0
72.000000,1.0
73.000000,1.0
74.000000,1.0
75.000000,1.0
76.000000,1.0
77.000000,1.0
78.000000,1.0
79.000000,1.0
80.000000,1.0
81.000000,1.0
82.000000,1.0
83.000000,1.0
84.000000,1.0
85.000000,1.0
86.000000,1.0
87.000000,1.0
88.000000,1.0
89.000000,1.0
90.000000,1.0
91.000000,1.0
92.000000,1.0
93.000000,1.0
94.000000,1.0
95.000000,1.0
96.000000,1.0
97.000000,1.0
98.000000,1.0
99.000000,1.0
100.000000,1.0
101.000000,1.0
102.000000,1.0
103.000000,1.0
104.000000,1.0
105.000000,1.0
106.000000,1.0
107.000000,1.0
108.000000,1.0
109.000000,1.0
110.000000,1.0
111.000000,1.0
112.000000,1.0
113.000000,1.0
114.000000,1.0
115.000000,1.0
116.000000,1.0
117.000000,1.0
118.000000,1.0
119.000000,1.0
120.000000,1.0
121.000000,1.0
122.000000,1.0
123.000000,1.0
124.000000,1.0
125.000000,1.0
126.000000,1.0
127.000000,1.0
128.000000,1.0
129.000000,1.0
130.000000,1.0
131.000000,1.0
132.000000,1.0
133.000000,1.0
134.000000,1.0
135.000000,1.0
136.000000,1.0
137.000000,1.0
138.000000,1.0
139.000000,1.0
140.000000,None
141.000000,None
142.000000,None
143.000000,None
144.000000,None
145.000000,None
146.000000,None
147.000000,None
148.000000,None
149.000000,None
150.000000,None
151.000000,None
152.000000,None
153.000000,None
154.000000,None
155.000000,None
156.000000,None
157.000000,None
158.000000,None
159.000000,None
160.000000,None
161.000000,None
162.000000,None
163.000000,None
164.000000,None
165.000000,None
166.000000,None
167.000000,None
168.000000,None
