time,auc
1.000000,0.8886198547215497
2.000000,0.7088629943502824
3.000000,0.8489001081860801
4.000000,0.8559322033898306
5.000000,0.8858757062146894
6.000000,0.7927580893682589
7.000000,0.8176980685849429
8.000000,0.8964891041162228
9.000000,0.8352625051674245
10.000000,0.9108050847457627
11.000000,0.9239461103867883
12.000000,0.8746654772524531
13.000000,0.8311956023820432
14.000000,0.8637005649717514
15.000000,0.8394673123486683
16.000000,0.8781440781440781
17.000000,0.8521870286576169
18.000000,0.8855218855218856
19.000000,0.8952455590386625
20.000000,0.8964426877470355
21.000000,0.9182065217391304
22.000000,0.920617110799439
23.000000,0.8754951895868704
24.000000,0.9219298245614035
25.000000,0.8911504424778761
26.000000,0.9130302105584376
27.000000,0.9362684729064039
28.000000,0.9170918367346939
29.000000,0.9083994708994709
30.000000,0.9330357142857142
31.000000,0.9289285714285714
32.000000,0.8958333333333334
33.000000,0.8637422360248447
34.000000,0.9267528397963182
35.000000,0.957707509881423
36.000000,0.9644628099173554
37.000000,0.9164502164502165
38.000000,0.9397116644823067
39.000000,0.9435779816513762
40.000000,0.9606481481481483
41.000000,0.9571150097465887
42.000000,0.9362139917695473
43.000000,0.942367601246106
44.000000,0.9422759758108852
45.000000,0.9178690344062154
46.000000,0.9504716981132075
47.000000,0.9541666666666667
48.000000,0.9155555555555556
49.000000,0.9564102564102565
50.000000,0.9275080906148867
51.000000,0.9320388349514563
52.000000,0.9522031366691561
53.000000,0.9577677224736049
54.000000,0.9673202614379085
55.000000,0.9625668449197861
56.000000,0.942156862745098
57.000000,0.9509803921568628
58.000000,0.9473039215686274
59.000000,0.9108910891089109
60.000000,0.9222065063649222
61.000000,0.9422442244224423
62.000000,0.9524752475247524
63.000000,0.9560000000000001
64.000000,0.9777777777777777
65.000000,0.9696969696969697
66.000000,0.9846938775510204
67.000000,0.9948453608247423
68.000000,0.9973958333333334
69.000000,0.9965277777777778
70.000000,0.9964912280701754
71.000000,0.9964539007092199
72.000000,0.9840425531914894
73.000000,0.9946236559139785
74.000000,1.0
75.000000,1.0
76.000000,0.978021978021978
77.000000,None
78.000000,None
79.000000,None
80.000000,None
81.000000,None
82.000000,None
83.000000,None
84.000000,None
85.000000,None
86.000000,None
87.000000,None
88.000000,None
89.000000,None
90.000000,None
91.000000,None
92.000000,None
93.000000,None
94.000000,None
95.000000,None
96.000000,None
97.000000,None
98.000000,None
99.000000,None
100.000000,None
101.000000,None
102.000000,None
103.000000,None
104.000000,None
105.000000,None
106.000000,None
107.000000,None
108.000000,None
109.000000,None
110.000000,None
111.000000,None
112.000000,None
113.000000,None
114.000000,None
115.000000,None
116.000000,None
117.000000,None
118.000000,None
119.000000,None
120.000000,None
121.000000,None
122.000000,None
123.000000,None
124.000000,None
125.000000,None
126.000000,None
127.000000,None
128.000000,None
129.000000,None
130.000000,None
131.000000,None
132.000000,None
133.000000,None
134.000000,None
135.000000,None
136.000000,None
137.000000,None
138.000000,None
139.000000,None
140.000000,None
141.000000,None
142.000000,None
143.000000,None
144.000000,None
145.000000,None
146.000000,None
147.000000,None
148.000000,None
149.000000,None
150.000000,None
151.000000,None
152.000000,None
153.000000,None
154.000000,None
155.000000,None
156.000000,None
157.000000,None
158.000000,None
159.000000,None
160.000000,None
161.000000,None
162.000000,None
163.000000,None
164.000000,None
165.000000,None
166.000000,None
167.000000,None
168.000000,None
