time,auc
1.000000,0.3517948717948718
2.000000,0.521551724137931
3.000000,0.5587826086956521
4.000000,0.3277728482697427
5.000000,0.5103831006086645
6.000000,0.6321271929824561
7.000000,0.5899705014749262
8.000000,0.6844285445302203
9.000000,0.5571373605232781
10.000000,0.6277286135693215
11.000000,0.8000804505229284
12.000000,0.782053920559786
13.000000,0.6896333754740834
14.000000,0.70578231292517
15.000000,0.7700348432055749
16.000000,0.7846627114919797
17.000000,0.82549889135255
18.000000,0.8347727272727272
19.000000,0.8575757575757577
20.000000,0.8433014354066986
21.000000,0.6855036855036856
22.000000,0.9000743863129184
23.000000,0.8600917431192661
24.000000,0.8891460905349794
25.000000,0.8801587301587301
26.000000,0.8869825708061002
27.000000,0.9238592633315008
28.000000,0.9538374398187482
29.000000,0.9691252144082333
30.000000,0.9419221698113208
31.000000,0.970785149117468
32.000000,0.9754716981132077
33.000000,0.9769030579050098
34.000000,0.9450808625336928
35.000000,0.964625850340136
36.000000,0.9827160493827161
37.000000,0.9794871794871796
38.000000,0.979047619047619
39.000000,0.9813492063492064
40.000000,0.9739130434782608
41.000000,0.9623376623376623
42.000000,0.9741496598639456
43.000000,0.9704761904761905
44.000000,0.9750000000000001
45.000000,0.9807692307692308
46.000000,0.9657639243740419
47.000000,0.9848975188781015
48.000000,0.9857224443175329
49.000000,0.983275663206459
50.000000,0.9877693651718112
51.000000,0.9962871287128713
52.000000,0.988125
53.000000,0.984
54.000000,0.9885521885521885
55.000000,0.9920634920634921
56.000000,0.9922299922299923
57.000000,0.9797979797979798
58.000000,0.9797979797979798
59.000000,0.9636363636363636
60.000000,0.9795918367346939
61.000000,0.9829931972789115
62.000000,0.9821428571428572
63.000000,0.9810495626822158
64.000000,0.9744897959183674
65.000000,0.9879725085910653
66.000000,0.986111111111111
67.000000,0.9947368421052631
68.000000,0.985263157894737
69.000000,0.9842105263157895
70.000000,0.9867021276595744
71.000000,1.0
72.000000,1.0
73.000000,1.0
74.000000,1.0
75.000000,0.9891304347826086
76.000000,1.0
77.000000,1.0
78.000000,1.0
79.000000,1.0
80.000000,1.0
81.000000,None
82.000000,None
83.000000,None
84.000000,None
85.000000,None
86.000000,None
87.000000,None
88.000000,None
89.000000,None
90.000000,None
91.000000,None
92.000000,None
93.000000,None
94.000000,None
95.000000,None
96.000000,None
97.000000,None
98.000000,None
99.000000,None
100.000000,None
101.000000,None
102.000000,None
103.000000,None
104.000000,None
105.000000,None
106.000000,None
107.000000,None
108.000000,None
109.000000,None
110.000000,None
111.000000,None
112.000000,None
113.000000,None
114.000000,None
115.000000,None
116.000000,None
117.000000,None
118.000000,None
119.000000,None
120.000000,None
121.000000,None
122.000000,None
123.000000,None
124.000000,None
125.000000,None
126.000000,None
127.000000,None
128.000000,None
129.000000,None
130.000000,None
131.000000,None
132.000000,None
133.000000,None
134.000000,None
135.000000,None
136.000000,None
137.000000,None
138.000000,None
139.000000,None
140.000000,None
141.000000,None
142.000000,None
143.000000,None
144.000000,None
145.000000,None
146.000000,None
147.000000,None
148.000000,None
149.000000,None
150.000000,None
151.000000,None
152.000000,None
153.000000,None
154.000000,None
155.000000,None
156.000000,None
157.000000,None
158.000000,None
159.000000,None
160.000000,None
161.000000,None
162.000000,None
163.000000,None
164.000000,None
165.000000,None
166.000000,None
167.000000,None
168.000000,None
