time,auc
1.000000,0.5547008547008547
2.000000,0.7139368567939998
3.000000,0.738960113960114
4.000000,0.6873977086743045
5.000000,0.7657004830917874
6.000000,0.5888305847076462
7.000000,0.6655172413793102
8.000000,0.6065830721003135
9.000000,0.5966319165998396
10.000000,0.6303336703741151
11.000000,0.6316770186335403
12.000000,0.6744432661717923
13.000000,0.7117391304347825
14.000000,0.7331103678929766
15.000000,0.7937471884840306
16.000000,0.770775623268698
17.000000,0.9051683262209578
18.000000,0.8100932791198279
19.000000,0.8124385447394298
20.000000,0.7764854614412136
21.000000,0.8204060385216033
22.000000,0.753016894609815
23.000000,0.8429203539823008
24.000000,0.8389951470168426
25.000000,0.7914746543778801
26.000000,0.7907585004359198
27.000000,0.7372372372372372
28.000000,0.7840944392668531
29.000000,0.7734877734877734
30.000000,0.7782467532467533
31.000000,0.8612794612794613
32.000000,0.8244755244755245
33.000000,0.7970909090909091
34.000000,0.7310606060606061
35.000000,0.7943425076452599
36.000000,0.8169126445951336
37.000000,0.9045893719806763
38.000000,0.8299663299663299
39.000000,0.7791005291005292
40.000000,0.7592592592592593
41.000000,0.8532710280373832
42.000000,0.6957547169811321
43.000000,0.7641509433962265
44.000000,0.8653039832285115
45.000000,0.8984461709211987
46.000000,0.9433962264150942
47.000000,0.9402515723270441
48.000000,0.9485714285714286
49.000000,0.9210884353741496
50.000000,0.9230769230769231
51.000000,0.9642857142857143
52.000000,0.9168831168831169
53.000000,0.9628571428571429
54.000000,0.9576923076923077
55.000000,0.966990291262136
56.000000,0.9471413160733548
57.000000,0.970873786407767
58.000000,0.9718137254901961
59.000000,0.9733893557422969
60.000000,0.9844413012729845
61.000000,0.9828571428571428
62.000000,0.9783549783549783
63.000000,0.9766763848396501
64.000000,0.9761904761904762
65.000000,0.9938775510204081
66.000000,0.9958762886597938
67.000000,0.9922680412371133
68.000000,0.9947916666666666
69.000000,0.9930555555555555
70.000000,0.9964912280701754
71.000000,0.9964539007092199
72.000000,0.996415770609319
73.000000,0.9946236559139785
74.000000,0.9945652173913043
75.000000,0.9891304347826086
76.000000,1.0
77.000000,None
78.000000,None
79.000000,None
80.000000,None
81.000000,None
82.000000,None
83.000000,None
84.000000,None
85.000000,None
86.000000,None
87.000000,None
88.000000,None
89.000000,None
90.000000,None
91.000000,None
92.000000,None
93.000000,None
94.000000,None
95.000000,None
96.000000,None
97.000000,None
98.000000,None
99.000000,None
100.000000,None
101.000000,None
102.000000,None
103.000000,None
104.000000,None
105.000000,None
106.000000,None
107.000000,None
108.000000,None
109.000000,None
110.000000,None
111.000000,None
112.000000,None
113.000000,None
114.000000,None
115.000000,None
116.000000,None
117.000000,None
118.000000,None
119.000000,None
120.000000,None
121.000000,None
122.000000,None
123.000000,None
124.000000,None
125.000000,None
126.000000,None
127.000000,None
128.000000,None
129.000000,None
130.000000,None
131.000000,None
132.000000,None
133.000000,None
134.000000,None
135.000000,None
136.000000,None
137.000000,None
138.000000,None
139.000000,None
140.000000,None
141.000000,None
142.000000,None
143.000000,None
144.000000,None
145.000000,None
146.000000,None
147.000000,None
148.000000,None
149.000000,None
150.000000,None
151.000000,None
152.000000,None
153.000000,None
154.000000,None
155.000000,None
156.000000,None
157.000000,None
158.000000,None
159.000000,None
160.000000,None
161.000000,None
162.000000,None
163.000000,None
164.000000,None
165.000000,None
166.000000,None
167.000000,None
168.000000,None
