time,auc
1.000000,0.7282051282051283
2.000000,0.5544827586206896
3.000000,0.6220971147079521
4.000000,0.5170617816091954
5.000000,0.8226338958180484
6.000000,0.6343703148425787
7.000000,0.6996168582375479
8.000000,0.6739811912225705
9.000000,0.8226744186046511
10.000000,0.8093185550082101
11.000000,0.774179983179142
12.000000,0.8297413793103448
13.000000,0.8758695652173912
14.000000,0.8798245614035087
15.000000,0.8713450292397661
16.000000,0.860572483841182
17.000000,0.89900426742532
18.000000,0.8964424951267056
19.000000,0.8739348370927318
20.000000,0.8573957016434892
21.000000,0.8047891723060906
22.000000,0.8881737731295254
23.000000,0.8387445887445887
24.000000,0.8655133928571429
25.000000,0.8796082949308756
26.000000,0.8553571428571429
27.000000,0.9117117117117117
28.000000,0.8933333333333333
29.000000,0.9498470948012232
30.000000,0.9246913580246914
31.000000,0.9035759897828863
32.000000,0.9398148148148149
33.000000,0.9543895747599451
34.000000,0.9344729344729344
35.000000,0.884074074074074
36.000000,0.9058641975308641
37.000000,0.9318535825545171
38.000000,0.9072327044025157
39.000000,0.9511894995898277
40.000000,0.9322469982847342
41.000000,0.9245283018867925
42.000000,0.9700680272108844
43.000000,0.9285714285714286
44.000000,0.9346153846153845
45.000000,0.9468623481781375
46.000000,0.9375
47.000000,0.9326923076923077
48.000000,0.9483173076923077
49.000000,0.9756410256410256
50.000000,0.9702265372168285
51.000000,0.9594771241830066
52.000000,0.9481792717086834
53.000000,0.9343891402714932
54.000000,0.9828431372549019
55.000000,0.9786096256684492
56.000000,0.9823529411764707
57.000000,0.9738562091503269
58.000000,0.9867986798679867
59.000000,0.9755555555555555
60.000000,0.95875
61.000000,0.9585714285714286
62.000000,0.9550000000000001
63.000000,0.9440000000000001
64.000000,0.9676767676767677
65.000000,0.9530612244897959
66.000000,0.9744897959183674
67.000000,0.9871134020618557
68.000000,0.9817708333333334
69.000000,0.9895833333333333
70.000000,0.9947916666666667
71.000000,0.9947368421052631
72.000000,0.9894736842105263
73.000000,1.0
74.000000,1.0
75.000000,0.9782608695652174
76.000000,1.0
77.000000,1.0
78.000000,1.0
79.000000,1.0
80.000000,None
81.000000,None
82.000000,None
83.000000,None
84.000000,None
85.000000,None
86.000000,None
87.000000,None
88.000000,None
89.000000,None
90.000000,None
91.000000,None
92.000000,None
93.000000,None
94.000000,None
95.000000,None
96.000000,None
97.000000,None
98.000000,None
99.000000,None
100.000000,None
101.000000,None
102.000000,None
103.000000,None
104.000000,None
105.000000,None
106.000000,None
107.000000,None
108.000000,None
109.000000,None
110.000000,None
111.000000,None
112.000000,None
113.000000,None
114.000000,None
115.000000,None
116.000000,None
117.000000,None
118.000000,None
119.000000,None
120.000000,None
121.000000,None
122.000000,None
123.000000,None
124.000000,None
125.000000,None
126.000000,None
127.000000,None
128.000000,None
129.000000,None
130.000000,None
131.000000,None
132.000000,None
133.000000,None
134.000000,None
135.000000,None
136.000000,None
137.000000,None
138.000000,None
139.000000,None
140.000000,None
141.000000,None
142.000000,None
143.000000,None
144.000000,None
145.000000,None
146.000000,None
147.000000,None
148.000000,None
149.000000,None
150.000000,None
151.000000,None
152.000000,None
153.000000,None
154.000000,None
155.000000,None
156.000000,None
157.000000,None
158.000000,None
159.000000,None
160.000000,None
161.000000,None
162.000000,None
163.000000,None
164.000000,None
165.000000,None
166.000000,None
167.000000,None
168.000000,None
