time,auc
1.000000,0.735042735042735
2.000000,0.5979417407988836
3.000000,0.6993314567206192
4.000000,0.7834051724137931
5.000000,0.6771826852531181
6.000000,0.6508788159111933
7.000000,0.8035916824196596
8.000000,0.5770048309178745
9.000000,0.8102766798418973
10.000000,0.7745215311004784
11.000000,0.7443684633950121
12.000000,0.8159496753246753
13.000000,0.7977574750830564
14.000000,0.6007653061224489
15.000000,0.8214285714285714
16.000000,0.8066964285714285
17.000000,0.8768315018315018
18.000000,0.7833646616541354
19.000000,0.7895752895752897
20.000000,0.7428075396825398
21.000000,0.8058058058058059
22.000000,0.8654040404040404
23.000000,0.7686034658511723
24.000000,0.8765399737876802
25.000000,0.8318942255801404
26.000000,0.8028322440087146
27.000000,0.8585858585858586
28.000000,0.8903993203058624
29.000000,0.8992406542056074
30.000000,0.9110642146517938
31.000000,0.894392523364486
32.000000,0.8404769577827909
33.000000,0.8845126835781042
34.000000,0.8753894080996885
35.000000,0.8457943925233645
36.000000,0.9129172714078375
37.000000,0.8483018867924529
38.000000,0.9622641509433962
39.000000,0.9561115668580804
40.000000,0.8745341614906832
41.000000,0.9346320346320347
42.000000,0.891156462585034
43.000000,0.8866666666666667
44.000000,0.8320802005012531
45.000000,0.8613756613756614
46.000000,0.8408963585434174
47.000000,0.8107142857142857
48.000000,0.8590476190476191
49.000000,0.9326923076923077
50.000000,0.8907967032967032
51.000000,0.9077669902912622
52.000000,0.8557422969187675
53.000000,0.9200603318250378
54.000000,0.888042650418888
55.000000,0.9570957095709571
56.000000,0.9297929792979298
57.000000,0.9237623762376238
58.000000,0.9581958195819581
59.000000,0.9633333333333334
60.000000,0.9487500000000001
61.000000,0.9514285714285714
62.000000,0.976911976911977
63.000000,0.9460641399416909
64.000000,0.9823269513991164
65.000000,0.9518900343642612
66.000000,0.982638888888889
67.000000,0.9833333333333334
68.000000,0.9789473684210526
69.000000,0.9736842105263158
70.000000,0.9680851063829787
71.000000,0.9811827956989247
72.000000,0.9891304347826086
73.000000,0.9818840579710144
74.000000,0.9782608695652174
75.000000,0.9891304347826086
76.000000,0.989010989010989
77.000000,0.9888888888888889
78.000000,1.0
79.000000,1.0
80.000000,None
81.000000,None
82.000000,None
83.000000,None
84.000000,None
85.000000,None
86.000000,None
87.000000,None
88.000000,None
89.000000,None
90.000000,None
91.000000,None
92.000000,None
93.000000,None
94.000000,None
95.000000,None
96.000000,None
97.000000,None
98.000000,None
99.000000,None
100.000000,None
101.000000,None
102.000000,None
103.000000,None
104.000000,None
105.000000,None
106.000000,None
107.000000,None
108.000000,None
109.000000,None
110.000000,None
111.000000,None
112.000000,None
113.000000,None
114.000000,None
115.000000,None
116.000000,None
117.000000,None
118.000000,None
119.000000,None
120.000000,None
121.000000,None
122.000000,None
123.000000,None
124.000000,None
125.000000,None
126.000000,None
127.000000,None
128.000000,None
129.000000,None
130.000000,None
131.000000,None
132.000000,None
133.000000,None
134.000000,None
135.000000,None
136.000000,None
137.000000,None
138.000000,None
139.000000,None
140.000000,None
141.000000,None
142.000000,None
143.000000,None
144.000000,None
145.000000,None
146.000000,None
147.000000,None
148.000000,None
149.000000,None
150.000000,None
151.000000,None
152.000000,None
153.000000,None
154.000000,None
155.000000,None
156.000000,None
157.000000,None
158.000000,None
159.000000,None
160.000000,None
161.000000,None
162.000000,None
163.000000,None
164.000000,None
165.000000,None
166.000000,None
167.000000,None
168.000000,None
