time,auc
1.000000,0.5377032168799724
2.000000,0.7397598870056498
3.000000,0.7455824017309772
4.000000,0.6630434782608695
5.000000,0.5787811222593832
6.000000,0.6697056030389364
7.000000,0.8073038073038072
8.000000,0.6966805804015107
9.000000,0.8428978428978429
10.000000,0.7668308702791462
11.000000,0.8866694701429774
12.000000,0.8825431034482758
13.000000,0.7964190981432361
14.000000,0.8461887477313975
15.000000,0.8087138863000932
16.000000,0.7998084291187739
17.000000,0.8532019704433498
18.000000,0.81947261663286
19.000000,0.7865726227795192
20.000000,0.8496767241379309
21.000000,0.7430478309232481
22.000000,0.749712643678161
23.000000,0.760998810939358
24.000000,0.8035714285714286
25.000000,0.7785714285714286
26.000000,0.8073308270676692
27.000000,0.8334386852085968
28.000000,0.9148596938775511
29.000000,0.9014550264550264
30.000000,0.8672005338672004
31.000000,0.8353535353535353
32.000000,0.9167516139993204
33.000000,0.847212420606916
34.000000,0.8003669724770642
35.000000,0.9270370370370371
36.000000,0.943287037037037
37.000000,0.8981481481481483
38.000000,0.8886631450629825
39.000000,0.9107901444350042
40.000000,0.9030874785591767
41.000000,0.9021645021645022
42.000000,0.9611013986013985
43.000000,0.8873626373626374
44.000000,0.9259615384615385
45.000000,0.8901821862348178
46.000000,0.9278846153846154
47.000000,0.916289592760181
48.000000,0.9236778846153846
49.000000,0.923076923076923
50.000000,0.9567307692307693
51.000000,0.9361997226074896
52.000000,0.9523809523809523
53.000000,0.9494720965309201
54.000000,0.926470588235294
55.000000,0.9554367201426025
56.000000,0.9529411764705883
57.000000,0.9653465346534653
58.000000,0.9163916391639164
59.000000,0.9047029702970297
60.000000,0.89625
61.000000,0.9071428571428573
62.000000,0.8787878787878787
63.000000,0.935860058309038
64.000000,0.9642857142857143
65.000000,0.9570446735395189
66.000000,0.9628865979381444
67.000000,0.9664948453608248
68.000000,0.9713541666666666
69.000000,0.9513888888888888
70.000000,0.9754385964912281
71.000000,0.9574468085106383
72.000000,1.0
73.000000,1.0
74.000000,1.0
75.000000,1.0
76.000000,None
77.000000,None
78.000000,None
79.000000,None
80.000000,None
81.000000,None
82.000000,None
83.000000,None
84.000000,None
85.000000,None
86.000000,None
87.000000,None
88.000000,None
89.000000,None
90.000000,None
91.000000,None
92.000000,None
93.000000,None
94.000000,None
95.000000,None
96.000000,None
97.000000,None
98.000000,None
99.000000,None
100.000000,None
101.000000,None
102.000000,None
103.000000,None
104.000000,None
105.000000,None
106.000000,None
107.000000,None
108.000000,None
109.000000,None
110.000000,None
111.000000,None
112.000000,None
113.000000,None
114.000000,None
115.000000,None
116.000000,None
117.000000,None
118.000000,None
119.000000,None
120.000000,None
121.000000,None
122.000000,None
123.000000,None
124.000000,None
125.000000,None
126.000000,None
127.000000,None
128.000000,None
129.000000,None
130.000000,None
131.000000,None
132.000000,None
133.000000,None
134.000000,None
135.000000,None
136.000000,None
137.000000,None
138.000000,None
139.000000,None
140.000000,None
141.000000,None
142.000000,None
143.000000,None
144.000000,None
145.000000,None
146.000000,None
147.000000,None
148.000000,None
149.000000,None
150.000000,None
151.000000,None
152.000000,None
153.000000,None
154.000000,None
155.000000,None
156.000000,None
157.000000,None
158.000000,None
159.000000,None
160.000000,None
161.000000,None
162.000000,None
163.000000,None
164.000000,None
165.000000,None
166.000000,None
167.000000,None
168.000000,None
