time,auc
1.000000,0.6058119658119658
2.000000,0.6648275862068966
3.000000,0.7311304347826086
4.000000,0.7563157894736842
5.000000,0.6693805309734513
6.000000,0.8640057793028716
7.000000,0.8463921282798834
8.000000,0.7837837837837838
9.000000,0.8404452690166976
10.000000,0.8784090909090909
11.000000,0.8715596330275229
12.000000,0.7846964669139176
13.000000,0.8689668927004387
14.000000,0.9153924566768603
15.000000,0.8989711934156379
16.000000,0.9437175493250259
17.000000,0.9407391673746813
18.000000,0.9295805259726146
19.000000,0.9232119350592365
20.000000,0.9331118493909192
21.000000,0.9286672629695886
22.000000,0.9336080586080585
23.000000,0.9583911234396671
24.000000,0.9355908122188018
25.000000,0.9116504854368931
26.000000,0.8959422454568086
27.000000,0.9364002011060835
28.000000,0.935500515995872
29.000000,0.9390307451797811
30.000000,0.908157894736842
31.000000,0.9597297297297297
32.000000,0.948948948948949
33.000000,0.9114726971869829
34.000000,0.9375870716076902
35.000000,0.9238258877434135
36.000000,0.9152199074074074
37.000000,0.9255952380952381
38.000000,0.958796992481203
39.000000,0.9468085106382979
40.000000,0.9658986175115206
41.000000,0.9392789373814041
42.000000,0.945584881068752
43.000000,0.9361559139784946
44.000000,0.9758831521739131
45.000000,0.9624824684431977
46.000000,0.9500177242112726
47.000000,0.9520146520146521
48.000000,0.9429629629629629
49.000000,0.9385767790262174
50.000000,0.9531189461449051
51.000000,0.9586677367576244
52.000000,0.9671244277985851
53.000000,0.9675885911840967
54.000000,0.9784269662921349
55.000000,0.9877272727272728
56.000000,0.9866666666666667
57.000000,0.9846743295019156
58.000000,0.9961240310077519
59.000000,0.9946078431372549
60.000000,0.9979539641943734
61.000000,0.9967914438502674
62.000000,0.9924242424242424
63.000000,0.9923329682365827
64.000000,0.9839246119733924
65.000000,0.9949494949494949
66.000000,0.9700176366843033
67.000000,0.986904761904762
68.000000,0.995177817962628
69.000000,0.9974683544303797
70.000000,0.9987179487179487
71.000000,0.99527665317139
72.000000,0.9938482570061516
73.000000,0.9942279942279942
74.000000,0.9992690058479532
75.000000,0.9992260061919505
76.000000,0.9576470588235294
77.000000,1.0
78.000000,1.0
79.000000,1.0
80.000000,1.0
81.000000,1.0
82.000000,1.0
83.000000,1.0
84.000000,1.0
85.000000,1.0
86.000000,1.0
87.000000,1.0
88.000000,1.0
89.000000,1.0
90.000000,1.0
91.000000,1.0
92.000000,1.0
93.000000,1.0
94.000000,1.0
95.000000,1.0
96.000000,1.0
97.000000,1.0
98.000000,1.0
99.000000,1.0
100.000000,1.0
101.000000,1.0
102.000000,1.0
103.000000,1.0
104.000000,1.0
105.000000,1.0
106.000000,1.0
107.000000,1.0
108.000000,1.0
109.000000,1.0
110.000000,1.0
111.000000,1.0
112.000000,1.0
113.000000,1.0
114.000000,1.0
115.000000,1.0
116.000000,1.0
117.000000,1.0
118.000000,1.0
119.000000,1.0
120.000000,1.0
121.000000,1.0
122.000000,1.0
123.000000,1.0
124.000000,1.0
125.000000,1.0
126.000000,1.0
127.000000,1.0
128.000000,1.0
129.000000,1.0
130.000000,1.0
131.000000,1.0
132.000000,1.0
133.000000,1.0
134.000000,1.0
135.000000,1.0
136.000000,1.0
137.000000,1.0
138.000000,1.0
139.000000,1.0
140.000000,None
141.000000,None
142.000000,None
143.000000,None
144.000000,None
145.000000,None
146.000000,None
147.000000,None
148.000000,None
149.000000,None
150.000000,None
151.000000,None
152.000000,None
153.000000,None
154.000000,None
155.000000,None
156.000000,None
157.000000,None
158.000000,None
159.000000,None
160.000000,None
161.000000,None
162.000000,None
163.000000,None
164.000000,None
165.000000,None
166.000000,None
167.000000,None
168.000000,None
