time,auc
1.000000,0.6347194050033806
2.000000,0.8355172413793103
3.000000,0.8573187895847995
4.000000,0.8265086206896552
5.000000,0.8417094644167278
6.000000,0.8223388305847077
7.000000,0.8798850574712644
8.000000,0.7713557993730408
9.000000,0.86327185244587
10.000000,0.9139983579638752
11.000000,0.7979394449116904
12.000000,0.8683189655172414
13.000000,0.8297966401414678
14.000000,0.7658802177858439
15.000000,0.8087138863000932
16.000000,0.8390804597701149
17.000000,0.8318840579710145
18.000000,0.8050682261208577
19.000000,0.8606194690265487
20.000000,0.875094816687737
21.000000,0.8971889640812076
22.000000,0.8747373949579832
23.000000,0.8768939393939394
24.000000,0.8897879464285714
25.000000,0.8793202764976958
26.000000,0.9122348154606219
27.000000,0.8975975975975976
28.000000,0.9117738428083255
29.000000,0.9214929214929214
30.000000,0.9564935064935065
31.000000,0.9616161616161616
32.000000,0.9433566433566434
33.000000,0.9428369795342273
34.000000,0.9423853211009174
35.000000,0.9208715596330275
36.000000,0.9581172716394096
37.000000,0.9478732276897415
38.000000,0.928789864569681
39.000000,0.9279816513761467
40.000000,0.9343312409464026
41.000000,0.8751274209989806
42.000000,0.8866702644360497
43.000000,0.8937908496732027
44.000000,0.914238592633315
45.000000,0.901285046728972
46.000000,0.8903426791277259
47.000000,0.9032042723631509
48.000000,0.8861185983827494
49.000000,0.9183673469387755
50.000000,0.9435897435897436
51.000000,0.966715976331361
52.000000,0.9743589743589743
53.000000,0.964401294498382
54.000000,0.9828431372549019
55.000000,0.948019801980198
56.000000,0.9738973897389739
57.000000,0.9745454545454546
58.000000,0.9770431588613406
59.000000,0.9737373737373737
60.000000,0.9640852974186308
61.000000,0.9795918367346939
62.000000,0.9834183673469388
63.000000,0.9606413994169096
64.000000,0.9911634756995582
65.000000,0.9851190476190477
66.000000,0.9861111111111112
67.000000,0.98125
68.000000,0.9915789473684211
69.000000,1.0
70.000000,1.0
71.000000,1.0
72.000000,0.992831541218638
73.000000,1.0
74.000000,1.0
75.000000,1.0
76.000000,1.0
77.000000,0.9943820224719101
78.000000,1.0
79.000000,1.0
80.000000,1.0
81.000000,None
82.000000,None
83.000000,None
84.000000,None
85.000000,None
86.000000,None
87.000000,None
88.000000,None
89.000000,None
90.000000,None
91.000000,None
92.000000,None
93.000000,None
94.000000,None
95.000000,None
96.000000,None
97.000000,None
98.000000,None
99.000000,None
100.000000,None
101.000000,None
102.000000,None
103.000000,None
104.000000,None
105.000000,None
106.000000,None
107.000000,None
108.000000,None
109.000000,None
110.000000,None
111.000000,None
112.000000,None
113.000000,None
114.000000,None
115.000000,None
116.000000,None
117.000000,None
118.000000,None
119.000000,None
120.000000,None
121.000000,None
122.000000,None
123.000000,None
124.000000,None
125.000000,None
126.000000,None
127.000000,None
128.000000,None
129.000000,None
130.000000,None
131.000000,None
132.000000,None
133.000000,None
134.000000,None
135.000000,None
136.000000,None
137.000000,None
138.000000,None
139.000000,None
140.000000,None
141.000000,None
142.000000,None
143.000000,None
144.000000,None
145.000000,None
146.000000,None
147.000000,None
148.000000,None
149.000000,None
150.000000,None
151.000000,None
152.000000,None
153.000000,None
154.000000,None
155.000000,None
156.000000,None
157.000000,None
158.000000,None
159.000000,None
160.000000,None
161.000000,None
162.000000,None
163.000000,None
164.000000,None
165.000000,None
166.000000,None
167.000000,None
168.000000,None
