time,auc
1.000000,0.4584615384615385
2.000000,0.5911390197104484
3.000000,0.7897607318789585
4.000000,0.5329192546583851
5.000000,0.506159420289855
6.000000,0.6145833333333334
7.000000,0.5068215339233039
8.000000,0.6831105253247975
9.000000,0.7972297037322046
10.000000,0.6919642857142858
11.000000,0.46190476190476193
12.000000,0.5779220779220778
13.000000,0.4605481727574751
14.000000,0.5317410433689503
15.000000,0.41205073995771674
16.000000,0.556060606060606
17.000000,0.668070953436807
18.000000,0.7173864399194451
19.000000,0.8186540198735321
20.000000,0.6842592592592592
21.000000,0.5987654320987654
22.000000,0.6988304093567252
23.000000,0.9225282833251354
24.000000,0.9075524122253095
25.000000,0.8980112187659358
26.000000,0.8611111111111112
27.000000,0.9134770889487871
28.000000,0.9728079911209767
29.000000,0.9125214408233276
30.000000,0.9534198113207546
31.000000,0.9616555082166769
32.000000,0.9613207547169811
33.000000,0.9697462589459988
34.000000,0.977088948787062
35.000000,0.9633123689727463
36.000000,0.982010582010582
37.000000,0.984981684981685
38.000000,0.9725714285714286
39.000000,0.9813492063492064
40.000000,0.9826086956521739
41.000000,0.9848484848484849
42.000000,0.9886621315192744
43.000000,0.9795238095238095
44.000000,0.9759398496240602
45.000000,0.979251012145749
46.000000,0.9802350427350427
47.000000,0.9875943905070119
48.000000,0.9840091376356368
49.000000,0.9817961165048544
50.000000,0.9816176470588236
51.000000,0.9738562091503269
52.000000,0.9740896358543418
53.000000,0.9781297134238311
54.000000,0.9730392156862745
55.000000,0.9867986798679869
56.000000,0.9883333333333333
57.000000,0.9836363636363636
58.000000,0.9830000000000001
59.000000,0.9711111111111111
60.000000,0.97875
61.000000,0.9747474747474747
62.000000,0.9744897959183674
63.000000,0.9868804664723032
64.000000,0.9846938775510203
65.000000,0.9914089347079037
66.000000,0.9835051546391752
67.000000,0.9871134020618556
68.000000,0.9869791666666666
69.000000,1.0
70.000000,0.992982456140351
71.000000,0.9964539007092199
72.000000,0.996415770609319
73.000000,0.9963768115942029
74.000000,0.9926739926739926
75.000000,1.0
76.000000,1.0
77.000000,1.0
78.000000,1.0
79.000000,1.0
80.000000,None
81.000000,None
82.000000,None
83.000000,None
84.000000,None
85.000000,None
86.000000,None
87.000000,None
88.000000,None
89.000000,None
90.000000,None
91.000000,None
92.000000,None
93.000000,None
94.000000,None
95.000000,None
96.000000,None
97.000000,None
98.000000,None
99.000000,None
100.000000,None
101.000000,None
102.000000,None
103.000000,None
104.000000,None
105.000000,None
106.000000,None
107.000000,None
108.000000,None
109.000000,None
110.000000,None
111.000000,None
112.000000,None
113.000000,None
114.000000,None
115.000000,None
116.000000,None
117.000000,None
118.000000,None
119.000000,None
120.000000,None
121.000000,None
122.000000,None
123.000000,None
124.000000,None
125.000000,None
126.000000,None
127.000000,None
128.000000,None
129.000000,None
130.000000,None
131.000000,None
132.000000,None
133.000000,None
134.000000,None
135.000000,None
136.000000,None
137.000000,None
138.000000,None
139.000000,None
140.000000,None
141.000000,None
142.000000,None
143.000000,None
144.000000,None
145.000000,None
146.000000,None
147.000000,None
148.000000,None
149.000000,None
150.000000,None
151.000000,None
152.000000,None
153.000000,None
154.000000,None
155.000000,None
156.000000,None
157.000000,None
158.000000,None
159.000000,None
160.000000,None
161.000000,None
162.000000,None
163.000000,None
164.000000,None
165.000000,None
166.000000,None
167.000000,None
168.000000,None
