time,auc
1.000000,0.7965811965811966
2.000000,0.7910343624629338
3.000000,0.827762139338494
4.000000,0.655723158828749
5.000000,0.7323666308628715
6.000000,0.7911184210526315
7.000000,0.6841814159292036
8.000000,0.8911830357142857
9.000000,0.8372747747747749
10.000000,0.796969696969697
11.000000,0.8826452599388379
12.000000,0.8219521604938271
13.000000,0.8111370716510904
14.000000,0.8600119308013522
15.000000,0.9108086143843965
16.000000,0.8569055036344756
17.000000,0.8804163126593034
18.000000,0.8842195540308748
19.000000,0.912987012987013
20.000000,0.8981643356643356
21.000000,0.8943071491615181
22.000000,0.9230074508918491
23.000000,0.9270405836753306
24.000000,0.9168777342850564
25.000000,0.9376744186046511
26.000000,0.9264740427531125
27.000000,0.9232804232804233
28.000000,0.9062196307094266
29.000000,0.9258713794796268
30.000000,0.9469246031746033
31.000000,0.9335839598997493
32.000000,0.9465552178318135
33.000000,0.9377880184331797
34.000000,0.9500517598343685
35.000000,0.9461823966065748
36.000000,0.9423746984722594
37.000000,0.9474254742547426
38.000000,0.9427240339819127
39.000000,0.9556541019955654
40.000000,0.9474431818181818
41.000000,0.9658045977011495
42.000000,0.9560860595343355
43.000000,0.940411373260738
44.000000,0.9485924112607099
45.000000,0.9340557275541795
46.000000,0.9295112781954887
47.000000,0.9299302473050095
48.000000,0.9280364702051449
49.000000,0.9424364123159303
50.000000,0.9281842818428183
51.000000,0.9386759581881533
52.000000,0.9502645502645503
53.000000,0.954248366013072
54.000000,0.9591911764705883
55.000000,0.9590469099032017
56.000000,0.9604072398190046
57.000000,0.9522144522144522
58.000000,0.9512003148366784
59.000000,0.9449760765550239
60.000000,0.94989898989899
61.000000,0.9508333333333333
62.000000,0.9463682432432432
63.000000,0.944777397260274
64.000000,0.9558108705258506
65.000000,0.9516129032258065
66.000000,0.9495683780099955
67.000000,0.9488262910798122
68.000000,0.9528571428571428
69.000000,0.9571428571428571
70.000000,0.9555222388805598
71.000000,0.9518633540372671
72.000000,0.951154052603328
73.000000,0.9515250544662308
74.000000,0.9440045248868778
75.000000,0.9546498277841561
76.000000,0.965034965034965
77.000000,0.9593939393939394
78.000000,0.9643076923076923
79.000000,0.9641025641025641
80.000000,0.95703125
81.000000,0.957010582010582
82.000000,0.9522849462365592
83.000000,0.9523141654978962
84.000000,0.9545454545454546
85.000000,0.9709388971684053
86.000000,0.9492583918813426
87.000000,0.9619047619047618
88.000000,0.955
89.000000,0.9666666666666666
90.000000,0.967885816235504
91.000000,0.9600725952813067
92.000000,0.9658356417359186
93.000000,0.9736842105263157
94.000000,0.9674641148325359
95.000000,0.969785575048733
96.000000,0.9731876861966238
97.000000,0.9716981132075473
98.000000,0.970033296337403
99.000000,0.9705882352941176
100.000000,0.9711649365628605
101.000000,0.98
102.000000,0.9831932773109244
103.000000,0.9783163265306122
104.000000,0.9782312925170068
105.000000,0.9766763848396501
106.000000,0.9747023809523809
107.000000,0.9665653495440729
108.000000,0.9767080745341615
109.000000,0.979933110367893
110.000000,0.9746376811594203
111.000000,0.9814814814814815
112.000000,0.9838383838383837
113.000000,0.9711111111111111
114.000000,0.9728395061728394
115.000000,0.9638888888888889
116.000000,0.9801136363636364
117.000000,0.9651162790697675
118.000000,0.994047619047619
119.000000,0.9965986394557823
120.000000,1.0
121.000000,1.0
122.000000,0.9958333333333333
123.000000,1.0
124.000000,1.0
125.000000,1.0
126.000000,1.0
127.000000,1.0
128.000000,1.0
129.000000,1.0
130.000000,1.0
131.000000,1.0
132.000000,1.0
133.000000,1.0
134.000000,1.0
135.000000,1.0
136.000000,1.0
137.000000,1.0
138.000000,1.0
139.000000,1.0
140.000000,1.0
141.000000,1.0
142.000000,1.0
143.000000,None
144.000000,None
145.000000,None
146.000000,None
147.000000,None
148.000000,None
149.000000,None
150.000000,None
151.000000,None
152.000000,None
153.000000,None
154.000000,None
155.000000,None
156.000000,None
157.000000,None
158.000000,None
159.000000,None
160.000000,None
161.000000,None
162.000000,None
163.000000,None
164.000000,None
165.000000,None
166.000000,None
167.000000,None
168.000000,None
