time,auc
1.000000,0.4817444219066937
2.000000,0.7957374254049446
3.000000,0.8338493292053664
4.000000,0.8323789692868298
5.000000,0.8750442477876106
6.000000,0.7798446812353259
7.000000,0.8084439528023599
8.000000,0.8301711309523809
9.000000,0.8825987841945289
10.000000,0.8663983132068238
11.000000,0.8303956130043085
12.000000,0.8332332332332333
13.000000,0.8595413595413596
14.000000,0.8625602346532579
15.000000,0.8526383526383526
16.000000,0.8510822510822511
17.000000,0.8966740576496675
18.000000,0.9134090909090908
19.000000,0.9307692307692308
20.000000,0.8837320574162679
21.000000,0.8693867696764848
22.000000,0.9429704934292091
23.000000,0.9181957186544343
24.000000,0.9045871559633027
25.000000,0.9158121964382084
26.000000,0.8865721434528774
27.000000,0.8629587155963303
28.000000,0.8703758508434447
29.000000,0.8379204892966361
30.000000,0.8532110091743119
31.000000,0.8269476372924649
32.000000,0.8518518518518519
33.000000,0.8684913217623498
34.000000,0.8642183288409704
35.000000,0.8584905660377358
36.000000,0.9054673721340388
37.000000,0.8952991452991452
38.000000,0.9112426035502958
39.000000,0.923076923076923
40.000000,0.8667961165048543
41.000000,0.9109803921568627
42.000000,0.9283168316831684
43.000000,0.9377062706270627
44.000000,0.9362892811020233
45.000000,0.9482448244824482
46.000000,0.9476661951909475
47.000000,0.9460396039603961
48.000000,0.962480458572173
49.000000,0.9427942794279427
50.000000,0.9365171811298776
51.000000,0.931930693069307
52.000000,0.9359735973597361
53.000000,0.9575671852899574
54.000000,0.9588728103579589
55.000000,0.9738461538461538
56.000000,0.9813519813519813
57.000000,0.978021978021978
58.000000,0.9804421768707483
59.000000,0.9795918367346939
60.000000,0.9755102040816327
61.000000,0.9761904761904762
62.000000,0.9621993127147767
63.000000,0.9560185185185186
64.000000,0.9649122807017544
65.000000,0.9692671394799055
66.000000,0.9813829787234043
67.000000,0.9984802431610943
68.000000,0.9964539007092199
69.000000,0.989247311827957
70.000000,0.9978494623655914
71.000000,0.9913043478260869
72.000000,0.9758241758241759
73.000000,0.9835164835164835
74.000000,0.9706959706959707
75.000000,0.962962962962963
76.000000,0.9700374531835206
77.000000,0.9887640449438202
78.000000,1.0
79.000000,1.0
80.000000,1.0
81.000000,1.0
82.000000,None
83.000000,None
84.000000,None
85.000000,None
86.000000,None
87.000000,None
88.000000,None
89.000000,None
90.000000,None
91.000000,None
92.000000,None
93.000000,None
94.000000,None
95.000000,None
96.000000,None
97.000000,None
98.000000,None
99.000000,None
100.000000,None
101.000000,None
102.000000,None
103.000000,None
104.000000,None
105.000000,None
106.000000,None
107.000000,None
108.000000,None
109.000000,None
110.000000,None
111.000000,None
112.000000,None
113.000000,None
114.000000,None
115.000000,None
116.000000,None
117.000000,None
118.000000,None
119.000000,None
120.000000,None
121.000000,None
122.000000,None
123.000000,None
124.000000,None
125.000000,None
126.000000,None
127.000000,None
128.000000,None
129.000000,None
130.000000,None
131.000000,None
132.000000,None
133.000000,None
134.000000,None
135.000000,None
136.000000,None
137.000000,None
138.000000,None
139.000000,None
140.000000,None
141.000000,None
142.000000,None
143.000000,None
144.000000,None
145.000000,None
146.000000,None
147.000000,None
148.000000,None
149.000000,None
150.000000,None
151.000000,None
152.000000,None
153.000000,None
154.000000,None
155.000000,None
156.000000,None
157.000000,None
158.000000,None
159.000000,None
160.000000,None
161.000000,None
162.000000,None
163.000000,None
164.000000,None
165.000000,None
166.000000,None
167.000000,None
168.000000,None
