time,auc
1.000000,0.4252873563218391
2.000000,0.46879310344827585
3.000000,0.6257391304347826
4.000000,0.6724046140195209
5.000000,0.7972826086956522
6.000000,0.6476608187134504
7.000000,0.5470324748040314
8.000000,0.6315194878553945
9.000000,0.7659574468085106
10.000000,0.6979106766340808
11.000000,0.7201331766549158
12.000000,0.7865865865865864
13.000000,0.8300573300573301
14.000000,0.8464278231720093
15.000000,0.8189618189618189
16.000000,0.8716765546033839
17.000000,0.9135135135135135
18.000000,0.9152229152229152
19.000000,0.9125177809388336
20.000000,0.869491112734356
21.000000,0.8981481481481481
22.000000,0.8913770913770914
23.000000,0.9561038961038961
24.000000,0.9457219251336899
25.000000,0.9462809917355373
26.000000,0.9258522727272728
27.000000,0.9319648093841643
28.000000,0.8666666666666667
29.000000,0.8971786833855799
30.000000,0.9194805194805196
31.000000,0.9272608125819134
32.000000,0.9354400271831464
33.000000,0.9294283697953423
34.000000,0.9258715596330275
35.000000,0.9392201834862386
36.000000,0.916633426406063
37.000000,0.9099249374478733
38.000000,0.91044124071647
39.000000,0.9197247706422018
40.000000,0.8717592592592593
41.000000,0.8879142300194932
42.000000,0.8945473251028807
43.000000,0.9155773420479303
44.000000,0.9131390874106653
45.000000,0.8584905660377359
46.000000,0.8890756302521008
47.000000,0.9446428571428571
48.000000,0.9073015873015873
49.000000,0.9038461538461539
50.000000,0.9320388349514563
51.000000,0.8980582524271845
52.000000,0.9012605042016808
53.000000,0.8695324283559578
54.000000,0.923076923076923
55.000000,0.8580858085808581
56.000000,0.8910891089108911
57.000000,0.9281818181818182
58.000000,0.911
59.000000,0.9355555555555555
60.000000,0.9175
61.000000,0.9685714285714285
62.000000,0.922077922077922
63.000000,0.9635568513119533
64.000000,0.946980854197349
65.000000,0.9467353951890034
66.000000,0.9253472222222222
67.000000,0.9456140350877194
68.000000,0.9716312056737588
69.000000,0.9829787234042553
70.000000,0.9946808510638298
71.000000,0.9946236559139785
72.000000,0.9972826086956521
73.000000,0.9927536231884058
74.000000,0.9816849816849816
75.000000,0.9814814814814814
76.000000,0.9833333333333334
77.000000,0.9943820224719101
78.000000,0.9772727272727273
79.000000,0.9431818181818182
80.000000,None
81.000000,None
82.000000,None
83.000000,None
84.000000,None
85.000000,None
86.000000,None
87.000000,None
88.000000,None
89.000000,None
90.000000,None
91.000000,None
92.000000,None
93.000000,None
94.000000,None
95.000000,None
96.000000,None
97.000000,None
98.000000,None
99.000000,None
100.000000,None
101.000000,None
102.000000,None
103.000000,None
104.000000,None
105.000000,None
106.000000,None
107.000000,None
108.000000,None
109.000000,None
110.000000,None
111.000000,None
112.000000,None
113.000000,None
114.000000,None
115.000000,None
116.000000,None
117.000000,None
118.000000,None
119.000000,None
120.000000,None
121.000000,None
122.000000,None
123.000000,None
124.000000,None
125.000000,None
126.000000,None
127.000000,None
128.000000,None
129.000000,None
130.000000,None
131.000000,None
132.000000,None
133.000000,None
134.000000,None
135.000000,None
136.000000,None
137.000000,None
138.000000,None
139.000000,None
140.000000,None
141.000000,None
142.000000,None
143.000000,None
144.000000,None
145.000000,None
146.000000,None
147.000000,None
148.000000,None
149.000000,None
150.000000,None
151.000000,None
152.000000,None
153.000000,None
154.000000,None
155.000000,None
156.000000,None
157.000000,None
158.000000,None
159.000000,None
160.000000,None
161.000000,None
162.000000,None
163.000000,None
164.000000,None
165.000000,None
166.000000,None
167.000000,None
168.000000,None
