time,auc
1.000000,0.6411426639621366
2.000000,0.6090366581415174
3.000000,0.5247678018575852
4.000000,0.48273468679507203
5.000000,0.6531862745098039
6.000000,0.718954248366013
7.000000,0.7199643493761141
8.000000,0.732146069436949
9.000000,0.6909949164851126
10.000000,0.8235185185185185
11.000000,0.8202947845804989
12.000000,0.8043981481481481
13.000000,0.8739164696611504
14.000000,0.8993558776167472
15.000000,0.898559670781893
16.000000,0.9095117845117846
17.000000,0.9050387596899225
18.000000,0.8921957671957672
19.000000,0.8893405600722674
20.000000,0.9011574074074074
21.000000,0.8955365622032289
22.000000,0.9005847953216375
23.000000,0.8703703703703703
24.000000,0.9066358024691359
25.000000,0.8576719576719577
26.000000,0.8845315904139434
27.000000,0.8823529411764707
28.000000,0.897762673463608
29.000000,0.8579188107489994
30.000000,0.875
31.000000,0.8703590992087645
32.000000,0.840566037735849
33.000000,0.8614183474300585
34.000000,0.8908355795148248
35.000000,0.8546470999301188
36.000000,0.8715529753265603
37.000000,0.8553113553113553
38.000000,0.8815238095238095
39.000000,0.8734126984126984
40.000000,0.8986378205128205
41.000000,0.8507525083612041
42.000000,0.8687209793161672
43.000000,0.8759929390997352
44.000000,0.8756356911696718
45.000000,0.8742718446601941
46.000000,0.8702095043433826
47.000000,0.8559870550161812
48.000000,0.8726442033123928
49.000000,0.8961937716262977
50.000000,0.9073966220151427
51.000000,0.9096534653465346
52.000000,0.9280528052805281
53.000000,0.91
54.000000,0.9271428571428572
55.000000,0.8684615384615384
56.000000,0.9238539238539238
57.000000,0.9217171717171717
58.000000,0.9047619047619047
59.000000,0.9128014842300557
60.000000,0.889795918367347
61.000000,0.931958762886598
62.000000,0.865979381443299
63.000000,0.9444444444444444
64.000000,0.8776041666666667
65.000000,0.9032738095238095
66.000000,0.9218045112781954
67.000000,0.8859649122807017
68.000000,0.9361702127659575
69.000000,0.935483870967742
70.000000,0.9548387096774195
71.000000,0.9596774193548386
72.000000,0.9782608695652174
73.000000,0.9601449275362319
74.000000,0.9633699633699634
75.000000,0.967032967032967
76.000000,0.9666666666666667
77.000000,0.9831460674157304
78.000000,0.9715909090909092
79.000000,0.9712643678160919
80.000000,0.9709302325581396
81.000000,0.9823529411764707
82.000000,0.9529411764705882
83.000000,0.9404761904761905
84.000000,None
85.000000,None
86.000000,None
87.000000,None
88.000000,None
89.000000,None
90.000000,None
91.000000,None
92.000000,None
93.000000,None
94.000000,None
95.000000,None
96.000000,None
97.000000,None
98.000000,None
99.000000,None
100.000000,None
101.000000,None
102.000000,None
103.000000,None
104.000000,None
105.000000,None
106.000000,None
107.000000,None
108.000000,None
109.000000,None
110.000000,None
111.000000,None
112.000000,None
113.000000,None
114.000000,None
115.000000,None
116.000000,None
117.000000,None
118.000000,None
119.000000,None
120.000000,None
121.000000,None
122.000000,None
123.000000,None
124.000000,None
125.000000,None
126.000000,None
127.000000,None
128.000000,None
129.000000,None
130.000000,None
131.000000,None
132.000000,None
133.000000,None
134.000000,None
135.000000,None
136.000000,None
137.000000,None
138.000000,None
139.000000,None
140.000000,None
141.000000,None
142.000000,None
143.000000,None
144.000000,None
145.000000,None
146.000000,None
147.000000,None
148.000000,None
149.000000,None
150.000000,None
151.000000,None
152.000000,None
153.000000,None
154.000000,None
155.000000,None
156.000000,None
157.000000,None
158.000000,None
159.000000,None
160.000000,None
161.000000,None
162.000000,None
163.000000,None
164.000000,None
165.000000,None
166.000000,None
167.000000,None
168.000000,None
