time,auc
1.000000,0.6742731575388775
2.000000,0.6459482758620689
3.000000,0.6215693173821253
4.000000,0.5700431034482759
5.000000,0.5681159420289855
6.000000,0.5624421831637373
7.000000,0.5111982082866742
8.000000,0.5247599322161551
9.000000,0.5032294832826747
10.000000,0.434540923902626
11.000000,0.5166344294003868
12.000000,0.6373218817099355
13.000000,0.6212604706820901
14.000000,0.7486238532110092
15.000000,0.7449958298582152
16.000000,0.6846596970343504
17.000000,0.6856705985146351
18.000000,0.8151711792347281
19.000000,0.8073394495412844
20.000000,0.7868055555555555
21.000000,0.8091168091168092
22.000000,0.7875243664717348
23.000000,0.7737737737737738
24.000000,0.8626543209876544
25.000000,0.825132275132275
26.000000,0.8683578104138853
27.000000,0.8677844969763606
28.000000,0.8615123194562446
29.000000,0.866822429906542
30.000000,0.8543864938197167
31.000000,0.8485981308411216
32.000000,0.838865613922011
33.000000,0.8571893298633702
34.000000,0.9059973045822103
35.000000,0.9214285714285714
36.000000,0.8899470899470899
37.000000,0.8981684981684982
38.000000,0.894095238095238
39.000000,0.8940476190476191
40.000000,0.8869565217391304
41.000000,0.9134199134199135
42.000000,0.9047619047619048
43.000000,0.8976190476190475
44.000000,0.9082706766917292
45.000000,0.9342105263157895
46.000000,0.9198717948717949
47.000000,0.9174757281553398
48.000000,0.9221132897603486
49.000000,0.9521337946943483
50.000000,0.9111519607843137
51.000000,0.9288366336633663
52.000000,0.9386138613861387
53.000000,0.9504950495049506
54.000000,0.9261233815689262
55.000000,0.9430693069306931
56.000000,0.8838883888388839
57.000000,0.9376237623762376
58.000000,0.9209999999999999
59.000000,0.9222222222222223
60.000000,0.9090909090909091
61.000000,0.9682539682539683
62.000000,0.9702176403207331
63.000000,0.9239690721649485
64.000000,0.9396170839469808
65.000000,0.9639175257731959
66.000000,0.9505154639175258
67.000000,0.9407216494845362
68.000000,0.9621993127147765
69.000000,0.9861111111111112
70.000000,0.9947916666666667
71.000000,0.9947368421052631
72.000000,0.9893617021276596
73.000000,0.9893617021276596
74.000000,0.989247311827957
75.000000,0.9891304347826086
76.000000,0.989010989010989
77.000000,0.9888888888888889
78.000000,0.9887640449438202
79.000000,0.9772727272727273
80.000000,1.0
81.000000,1.0
82.000000,None
83.000000,None
84.000000,None
85.000000,None
86.000000,None
87.000000,None
88.000000,None
89.000000,None
90.000000,None
91.000000,None
92.000000,None
93.000000,None
94.000000,None
95.000000,None
96.000000,None
97.000000,None
98.000000,None
99.000000,None
100.000000,None
101.000000,None
102.000000,None
103.000000,None
104.000000,None
105.000000,None
106.000000,None
107.000000,None
108.000000,None
109.000000,None
110.000000,None
111.000000,None
112.000000,None
113.000000,None
114.000000,None
115.000000,None
116.000000,None
117.000000,None
118.000000,None
119.000000,None
120.000000,None
121.000000,None
122.000000,None
123.000000,None
124.000000,None
125.000000,None
126.000000,None
127.000000,None
128.000000,None
129.000000,None
130.000000,None
131.000000,None
132.000000,None
133.000000,None
134.000000,None
135.000000,None
136.000000,None
137.000000,None
138.000000,None
139.000000,None
140.000000,None
141.000000,None
142.000000,None
143.000000,None
144.000000,None
145.000000,None
146.000000,None
147.000000,None
148.000000,None
149.000000,None
150.000000,None
151.000000,None
152.000000,None
153.000000,None
154.000000,None
155.000000,None
156.000000,None
157.000000,None
158.000000,None
159.000000,None
160.000000,None
161.000000,None
162.000000,None
163.000000,None
164.000000,None
165.000000,None
166.000000,None
167.000000,None
168.000000,None
