time,auc
1.000000,0.8550674507090972
2.000000,0.782662429378531
3.000000,0.7793003966822935
4.000000,0.8069270449521002
5.000000,0.7348569305091044
6.000000,0.6532983508245878
7.000000,0.8298850574712644
8.000000,0.6651645768025078
9.000000,0.858300395256917
10.000000,0.7811931243680486
11.000000,0.7677018633540372
12.000000,0.7961823966065747
13.000000,0.8662815575524176
14.000000,0.8225771638247356
15.000000,0.898008849557522
16.000000,0.84070796460177
17.000000,0.9033535165346995
18.000000,0.8610380291796221
19.000000,0.7861969111969113
20.000000,0.8782242063492063
21.000000,0.8
22.000000,0.9283088235294118
23.000000,0.9123376623376623
24.000000,0.8943488943488944
25.000000,0.7688626126126126
26.000000,0.8759081662307469
27.000000,0.9090909090909092
28.000000,0.8777744894939331
29.000000,0.8171253822629969
30.000000,0.9271604938271606
31.000000,0.8837803320561942
32.000000,0.9275793650793651
33.000000,0.9208945260347129
34.000000,0.9238490827275874
35.000000,0.9403306973400432
36.000000,0.8938317757009346
37.000000,0.9060377358490566
38.000000,0.8577044025157232
39.000000,0.9368334700574241
40.000000,0.9271012006861064
41.000000,0.8764600179694518
42.000000,0.9155660377358491
43.000000,0.9128571428571429
44.000000,0.9326923076923077
45.000000,0.9718446601941747
46.000000,0.9818627450980393
47.000000,0.9613861386138614
48.000000,0.9765502866076081
49.000000,0.9821052631578947
50.000000,0.9766081871345029
51.000000,0.9683136412459721
52.000000,0.9739229024943311
53.000000,0.9879951980792316
54.000000,0.9872650090964221
55.000000,0.9884020618556701
56.000000,0.9876288659793815
57.000000,0.9889543446244478
58.000000,0.9912767644726408
59.000000,0.9922680412371134
60.000000,0.9887535145267103
61.000000,0.98659793814433
62.000000,0.9864583333333333
63.000000,0.988421052631579
64.000000,0.9941520467836258
65.000000,0.9947368421052633
66.000000,0.9909774436090226
67.000000,0.9912280701754386
68.000000,0.9873684210526316
69.000000,0.9736842105263158
70.000000,0.9920212765957447
71.000000,1.0
72.000000,0.9918478260869564
73.000000,1.0
74.000000,1.0
75.000000,1.0
76.000000,1.0
77.000000,1.0
78.000000,1.0
79.000000,None
80.000000,None
81.000000,None
82.000000,None
83.000000,None
84.000000,None
85.000000,None
86.000000,None
87.000000,None
88.000000,None
89.000000,None
90.000000,None
91.000000,None
92.000000,None
93.000000,None
94.000000,None
95.000000,None
96.000000,None
97.000000,None
98.000000,None
99.000000,None
100.000000,None
101.000000,None
102.000000,None
103.000000,None
104.000000,None
105.000000,None
106.000000,None
107.000000,None
108.000000,None
109.000000,None
110.000000,None
111.000000,None
112.000000,None
113.000000,None
114.000000,None
115.000000,None
116.000000,None
117.000000,None
118.000000,None
119.000000,None
120.000000,None
121.000000,None
122.000000,None
123.000000,None
124.000000,None
125.000000,None
126.000000,None
127.000000,None
128.000000,None
129.000000,None
130.000000,None
131.000000,None
132.000000,None
133.000000,None
134.000000,None
135.000000,None
136.000000,None
137.000000,None
138.000000,None
139.000000,None
140.000000,None
141.000000,None
142.000000,None
143.000000,None
144.000000,None
145.000000,None
146.000000,None
147.000000,None
148.000000,None
149.000000,None
150.000000,None
151.000000,None
152.000000,None
153.000000,None
154.000000,None
155.000000,None
156.000000,None
157.000000,None
158.000000,None
159.000000,None
160.000000,None
161.000000,None
162.000000,None
163.000000,None
164.000000,None
165.000000,None
166.000000,None
167.000000,None
168.000000,None
