time,auc
1.000000,0.5578093306288032
2.000000,0.39897698209718674
3.000000,0.48727210182318537
4.000000,0.5726184279021344
5.000000,0.6904761904761905
6.000000,0.8097509273979863
7.000000,0.825945945945946
8.000000,0.8854568854568854
9.000000,0.8075262762762763
10.000000,0.8650565459076097
11.000000,0.7892675283979632
12.000000,0.8246246246246246
13.000000,0.8802211302211302
14.000000,0.8441231929604023
15.000000,0.8524238524238524
16.000000,0.7883981542518128
17.000000,0.8492239467849224
18.000000,0.850909090909091
19.000000,0.8428904428904429
20.000000,0.8793225123500353
21.000000,0.8573124406457739
22.000000,0.901803118908382
23.000000,0.8873873873873874
24.000000,0.8438786008230452
25.000000,0.878835978835979
26.000000,0.8667556742323098
27.000000,0.8927982407916437
28.000000,0.8538657604078165
29.000000,0.8927958833619212
30.000000,0.9254127358490566
31.000000,0.8603164942178941
32.000000,0.9088050314465408
33.000000,0.9085881587508132
34.000000,0.8810646900269542
35.000000,0.8780573025856044
36.000000,0.8940493468795356
37.000000,0.9211320754716981
38.000000,0.9318095238095239
39.000000,0.9154761904761906
40.000000,0.9246376811594202
41.000000,0.8979933110367893
42.000000,0.9252849303503587
43.000000,0.9311562224183583
44.000000,0.9394359685621821
45.000000,0.9257703081232493
46.000000,0.9151960784313726
47.000000,0.9618163054695562
48.000000,0.9515250544662308
49.000000,0.9609460946094609
50.000000,0.9586488060570763
51.000000,0.963490099009901
52.000000,0.9676567656765677
53.000000,0.964
54.000000,0.9528571428571428
55.000000,0.9653679653679653
56.000000,0.9497084548104956
57.000000,0.966863033873343
58.000000,0.9672619047619047
59.000000,0.9543269230769231
60.000000,0.9539930555555555
61.000000,0.9479166666666666
62.000000,0.9479166666666667
63.000000,0.9247685185185185
64.000000,0.9345029239766082
65.000000,0.9802631578947368
66.000000,0.956390977443609
67.000000,0.9807017543859649
68.000000,0.9804964539007092
69.000000,0.9787234042553191
70.000000,0.9893617021276596
71.000000,0.9301075268817204
72.000000,0.9139784946236559
73.000000,0.9166666666666666
74.000000,0.9377289377289377
75.000000,0.9740740740740741
76.000000,0.9775280898876405
77.000000,0.9621212121212122
78.000000,0.9923371647509579
79.000000,0.9689922480620156
80.000000,0.996078431372549
81.000000,1.0
82.000000,1.0
83.000000,1.0
84.000000,1.0
85.000000,1.0
86.000000,None
87.000000,None
88.000000,None
89.000000,None
90.000000,None
91.000000,None
92.000000,None
93.000000,None
94.000000,None
95.000000,None
96.000000,None
97.000000,None
98.000000,None
99.000000,None
100.000000,None
101.000000,None
102.000000,None
103.000000,None
104.000000,None
105.000000,None
106.000000,None
107.000000,None
108.000000,None
109.000000,None
110.000000,None
111.000000,None
112.000000,None
113.000000,None
114.000000,None
115.000000,None
116.000000,None
117.000000,None
118.000000,None
119.000000,None
120.000000,None
121.000000,None
122.000000,None
123.000000,None
124.000000,None
125.000000,None
126.000000,None
127.000000,None
128.000000,None
129.000000,None
130.000000,None
131.000000,None
132.000000,None
133.000000,None
134.000000,None
135.000000,None
136.000000,None
137.000000,None
138.000000,None
139.000000,None
140.000000,None
141.000000,None
142.000000,None
143.000000,None
144.000000,None
145.000000,None
146.000000,None
147.000000,None
148.000000,None
149.000000,None
150.000000,None
151.000000,None
152.000000,None
153.000000,None
154.000000,None
155.000000,None
156.000000,None
157.000000,None
158.000000,None
159.000000,None
160.000000,None
161.000000,None
162.000000,None
163.000000,None
164.000000,None
165.000000,None
166.000000,None
167.000000,None
168.000000,None
