time,auc
1.000000,0.699584918713248
2.000000,0.7579449152542372
3.000000,0.6613247863247863
4.000000,0.7559267241379309
5.000000,0.8509057971014492
6.000000,0.6896929824561403
7.000000,0.8434117207913401
8.000000,0.8271511956317078
9.000000,0.839855623100304
10.000000,0.8717653824036803
11.000000,0.8942420681551116
12.000000,0.8110671936758893
13.000000,0.7509090909090909
14.000000,0.8281345565749235
15.000000,0.8181818181818181
16.000000,0.9078282828282828
17.000000,0.8978334749362786
18.000000,0.8572049554444685
19.000000,0.8453493546951492
20.000000,0.8753134260314566
21.000000,0.9035046728971963
22.000000,0.8745283018867924
23.000000,0.9225931301402999
24.000000,0.9218559218559218
25.000000,0.9230576441102758
26.000000,0.9190283400809716
27.000000,0.9576403326403327
28.000000,0.9315140383101548
29.000000,0.9411764705882354
30.000000,0.9421996253679423
31.000000,0.9675675675675676
32.000000,0.9375
33.000000,0.9767115600448935
34.000000,0.9746031746031746
35.000000,0.9784256559766763
36.000000,0.9808541973490428
37.000000,0.9636904761904762
38.000000,0.9843609022556391
39.000000,0.9674922600619195
40.000000,0.9818181818181818
41.000000,0.9713088330109607
42.000000,0.9753989361702127
43.000000,0.9845430107526882
44.000000,0.9826569545612209
45.000000,0.9796633941093968
46.000000,0.9748316199929103
47.000000,0.9714285714285715
48.000000,0.984074074074074
49.000000,0.9486590038314177
50.000000,0.982936507936508
51.000000,0.9703049759229535
52.000000,0.9920932168123179
53.000000,0.9633838383838385
54.000000,0.9684972328650489
55.000000,0.9862953138815208
56.000000,0.9940229885057471
57.000000,0.993953488372093
58.000000,0.9840116279069768
59.000000,0.9897058823529412
60.000000,0.9887468030690538
61.000000,0.9932712215320911
62.000000,0.9931901519119959
63.000000,0.9872746553552492
64.000000,0.9866962305986695
65.000000,0.9887766554433222
66.000000,0.9970605526161082
67.000000,0.9988095238095238
68.000000,0.9981916817359856
69.000000,0.9993894993894994
70.000000,0.9916666666666667
71.000000,1.0
72.000000,0.9978632478632479
73.000000,1.0
74.000000,1.0
75.000000,1.0
76.000000,1.0
77.000000,1.0
78.000000,1.0
79.000000,1.0
80.000000,1.0
81.000000,1.0
82.000000,1.0
83.000000,1.0
84.000000,1.0
85.000000,1.0
86.000000,1.0
87.000000,1.0
88.000000,1.0
89.000000,1.0
90.000000,1.0
91.000000,1.0
92.000000,1.0
93.000000,1.0
94.000000,1.0
95.000000,1.0
96.000000,1.0
97.000000,1.0
98.000000,1.0
99.000000,1.0
100.000000,1.0
101.000000,1.0
102.000000,1.0
103.000000,1.0
104.000000,1.0
105.000000,1.0
106.000000,1.0
107.000000,1.0
108.000000,1.0
109.000000,1.0
110.000000,1.0
111.000000,1.0
112.000000,1.0
113.000000,1.0
114.000000,1.0
115.000000,1.0
116.000000,1.0
117.000000,1.0
118.000000,1.0
119.000000,1.0
120.000000,1.0
121.000000,1.0
122.000000,1.0
123.000000,1.0
124.000000,1.0
125.000000,1.0
126.000000,1.0
127.000000,1.0
128.000000,1.0
129.000000,1.0
130.000000,1.0
131.000000,1.0
132.000000,1.0
133.000000,1.0
134.000000,1.0
135.000000,1.0
136.000000,1.0
137.000000,1.0
138.000000,1.0
139.000000,1.0
140.000000,1.0
141.000000,None
142.000000,None
143.000000,None
144.000000,None
145.000000,None
146.000000,None
147.000000,None
148.000000,None
149.000000,None
150.000000,None
151.000000,None
152.000000,None
153.000000,None
154.000000,None
155.000000,None
156.000000,None
157.000000,None
158.000000,None
159.000000,None
160.000000,None
161.000000,None
162.000000,None
163.000000,None
164.000000,None
165.000000,None
166.000000,None
167.000000,None
168.000000,None
