time,auc
1.000000,0.41970926301555106
2.000000,0.6318840579710145
3.000000,0.5830753353973169
4.000000,0.6796807218462607
5.000000,0.6307964601769911
6.000000,0.6278571428571429
7.000000,0.6621720116618076
8.000000,0.7512410369553226
9.000000,0.713963963963964
10.000000,0.6409814069388537
11.000000,0.7216999608303956
12.000000,0.7481481481481481
13.000000,0.6674856674856674
14.000000,0.7404958677685951
15.000000,0.6826638477801268
16.000000,0.7883507574141242
17.000000,0.8018785495849715
18.000000,0.8073394495412843
19.000000,0.7591743119266054
20.000000,0.848035756292637
21.000000,0.8017568850902185
22.000000,0.8509465612269351
23.000000,0.8740777176586326
24.000000,0.8022227835311948
25.000000,0.7928348909657321
26.000000,0.8779706275033378
27.000000,0.7789994502473887
28.000000,0.815916171056358
29.000000,0.7730724299065419
30.000000,0.8736810370817003
31.000000,0.8797507788161995
32.000000,0.8337093135675153
33.000000,0.8324432576769025
34.000000,0.8528902734510212
35.000000,0.8188353702372393
36.000000,0.8530478955007257
37.000000,0.9131868131868132
38.000000,0.9230769230769231
39.000000,0.88
40.000000,0.8453525641025642
41.000000,0.8515372168284789
42.000000,0.8700980392156863
43.000000,0.9019607843137255
44.000000,0.8520499108734403
45.000000,0.8982259570494866
46.000000,0.8671568627450981
47.000000,0.8643564356435643
48.000000,0.8285565398645128
49.000000,0.8800880088008801
50.000000,0.8613861386138615
51.000000,0.8310643564356436
52.000000,0.9115511551155115
53.000000,0.9080622347949081
54.000000,0.915
55.000000,0.91
56.000000,0.915
57.000000,0.9099326599326599
58.000000,0.9063360881542699
59.000000,0.8929292929292929
60.000000,0.8484848484848485
61.000000,0.8787878787878788
62.000000,0.8946608946608947
63.000000,0.8717201166180758
64.000000,0.9027982326951399
65.000000,0.8779761904761905
66.000000,0.8360902255639098
67.000000,0.803951367781155
68.000000,0.8297872340425532
69.000000,0.7957446808510639
70.000000,0.9161290322580645
71.000000,0.9301075268817204
72.000000,0.96415770609319
73.000000,0.9094202898550724
74.000000,0.983695652173913
75.000000,1.0
76.000000,1.0
77.000000,1.0
78.000000,1.0
79.000000,1.0
80.000000,1.0
81.000000,None
82.000000,None
83.000000,None
84.000000,None
85.000000,None
86.000000,None
87.000000,None
88.000000,None
89.000000,None
90.000000,None
91.000000,None
92.000000,None
93.000000,None
94.000000,None
95.000000,None
96.000000,None
97.000000,None
98.000000,None
99.000000,None
100.000000,None
101.000000,None
102.000000,None
103.000000,None
104.000000,None
105.000000,None
106.000000,None
107.000000,None
108.000000,None
109.000000,None
110.000000,None
111.000000,None
112.000000,None
113.000000,None
114.000000,None
115.000000,None
116.000000,None
117.000000,None
118.000000,None
119.000000,None
120.000000,None
121.000000,None
122.000000,None
123.000000,None
124.000000,None
125.000000,None
126.000000,None
127.000000,None
128.000000,None
129.000000,None
130.000000,None
131.000000,None
132.000000,None
133.000000,None
134.000000,None
135.000000,None
136.000000,None
137.000000,None
138.000000,None
139.000000,None
140.000000,None
141.000000,None
142.000000,None
143.000000,None
144.000000,None
145.000000,None
146.000000,None
147.000000,None
148.000000,None
149.000000,None
150.000000,None
151.000000,None
152.000000,None
153.000000,None
154.000000,None
155.000000,None
156.000000,None
157.000000,None
158.000000,None
159.000000,None
160.000000,None
161.000000,None
162.000000,None
163.000000,None
164.000000,None
165.000000,None
166.000000,None
167.000000,None
168.000000,None
