time,auc
1.000000,0.6440162271805274
2.000000,0.5839655172413794
3.000000,0.7375087966220971
4.000000,0.7985803016858917
5.000000,0.7885785893304691
6.000000,0.7381253386310276
7.000000,0.7970116618075802
8.000000,0.8966721823864681
9.000000,0.7725417439703154
10.000000,0.8708107096049429
11.000000,0.858087679516251
12.000000,0.7991898148148148
13.000000,0.8732476635514019
14.000000,0.8248160668124875
15.000000,0.8787635487755922
16.000000,0.916514690982776
17.000000,0.8762274959083469
18.000000,0.8716555183946488
19.000000,0.9071338117349093
20.000000,0.9030264279624893
21.000000,0.8775290572535515
22.000000,0.8932608695652174
23.000000,0.8837777777777777
24.000000,0.9012345679012345
25.000000,0.9235827664399093
26.000000,0.9058441558441559
27.000000,0.9219269102990033
28.000000,0.9254375449532486
29.000000,0.9406492248062016
30.000000,0.9250917992656058
31.000000,0.9238095238095239
32.000000,0.9356636271529888
33.000000,0.9116743471582182
34.000000,0.9241718426501035
35.000000,0.9317111459968603
36.000000,0.9413025998391852
37.000000,0.9381868131868132
38.000000,0.9667511975204283
39.000000,0.9661654135338347
40.000000,0.9652046783625732
41.000000,0.957957957957958
42.000000,0.9617370179167932
43.000000,0.9699017199017199
44.000000,0.9570707070707072
45.000000,0.9568965517241379
46.000000,0.9641472868217055
47.000000,0.9568627450980393
48.000000,0.9378151260504202
49.000000,0.9567474048442905
50.000000,0.9551820728291316
51.000000,0.9574314574314575
52.000000,0.9579613095238095
53.000000,0.9574548192771084
54.000000,0.9630781189273221
55.000000,0.9610542879622345
56.000000,0.9605734767025089
57.000000,0.9621399176954732
58.000000,0.9642401021711366
59.000000,0.9646551724137932
60.000000,0.9738105630728939
61.000000,0.960212201591512
62.000000,0.9583519928347514
63.000000,0.9666048237476809
64.000000,0.9647556390977443
65.000000,0.9728571428571429
66.000000,0.9679012345679012
67.000000,0.9644644644644644
68.000000,0.9654997463216641
69.000000,0.9629629629629629
70.000000,0.9655712050078247
71.000000,0.9658721560130011
72.000000,0.968131868131868
73.000000,0.9577142857142857
74.000000,0.95
75.000000,0.9655797101449276
76.000000,0.9626225490196079
77.000000,0.9633084577114428
78.000000,0.9690656565656566
79.000000,0.9637681159420289
80.000000,0.9607438016528926
81.000000,0.965034965034965
82.000000,0.9567765567765567
83.000000,0.9669230769230769
84.000000,0.96328125
85.000000,0.9619047619047618
86.000000,0.9724310776942355
87.000000,0.9711375212224108
88.000000,0.9775668679896462
89.000000,0.974561403508772
90.000000,0.9821587867975022
91.000000,0.9782214156079855
92.000000,0.9846743295019158
93.000000,0.983430799220273
94.000000,0.9841269841269842
95.000000,0.9868686868686869
96.000000,0.9818181818181818
97.000000,0.9909090909090909
98.000000,0.9884259259259259
99.000000,0.9870283018867925
100.000000,0.9891826923076923
101.000000,0.991025641025641
102.000000,0.9882352941176471
103.000000,0.992
104.000000,0.9904761904761904
105.000000,0.988338192419825
106.000000,0.9866071428571428
107.000000,0.9893617021276595
108.000000,1.0
109.000000,1.0
110.000000,0.9965811965811966
111.000000,0.9981481481481481
112.000000,1.0
113.000000,1.0
114.000000,1.0
115.000000,1.0
116.000000,0.9974160206718345
117.000000,0.9941860465116279
118.000000,0.9966777408637874
119.000000,1.0
120.000000,1.0
121.000000,1.0
122.000000,1.0
123.000000,1.0
124.000000,1.0
125.000000,1.0
126.000000,1.0
127.000000,1.0
128.000000,1.0
129.000000,1.0
130.000000,1.0
131.000000,1.0
132.000000,1.0
133.000000,1.0
134.000000,1.0
135.000000,1.0
136.000000,1.0
137.000000,1.0
138.000000,1.0
139.000000,1.0
140.000000,1.0
141.000000,1.0
142.000000,1.0
143.000000,1.0
144.000000,1.0
145.000000,1.0
146.000000,None
147.000000,None
148.000000,None
149.000000,None
150.000000,None
151.000000,None
152.000000,None
153.000000,None
154.000000,None
155.000000,None
156.000000,None
157.000000,None
158.000000,None
159.000000,None
160.000000,None
161.000000,None
162.000000,None
163.000000,None
164.000000,None
165.000000,None
166.000000,None
167.000000,None
168.000000,None
