time,auc
1.000000,0.4543610547667342
2.000000,0.5517476555839728
3.000000,0.6731304347826087
4.000000,0.7433895297249334
5.000000,0.7953813104189045
6.000000,0.7655336257309941
7.000000,0.8733407079646017
8.000000,0.7881324404761905
9.000000,0.8753799392097265
10.000000,0.8154114906832298
11.000000,0.8162945554249901
12.000000,0.8302371541501976
13.000000,0.8531313131313132
14.000000,0.8519877675840978
15.000000,0.8569958847736625
16.000000,0.8924663299663299
17.000000,0.8867884451996603
18.000000,0.8741577917843947
19.000000,0.8979815708644142
20.000000,0.855813953488372
21.000000,0.914355992844365
22.000000,0.8993000677353804
23.000000,0.8978270920018493
24.000000,0.9029126213592233
25.000000,0.8943089430894308
26.000000,0.9273122434194639
27.000000,0.8904878048780488
28.000000,0.9216555801921654
29.000000,0.9398989898989899
30.000000,0.952295918367347
31.000000,0.956567242281528
32.000000,0.9360296061326988
33.000000,0.9340277777777778
34.000000,0.9551956815114709
35.000000,0.9506925207756234
36.000000,0.9423292273236282
37.000000,0.9490662139219015
38.000000,0.9307780320366132
39.000000,0.9497649823736781
40.000000,0.9528985507246377
41.000000,0.9554334554334554
42.000000,0.9570987654320987
43.000000,0.9558730158730158
44.000000,0.9643790849673202
45.000000,0.9740740740740741
46.000000,0.9679945522642152
47.000000,0.9708567415730336
48.000000,0.9701704545454546
49.000000,0.9712643678160919
50.000000,0.9603924418604651
51.000000,0.9768382352941176
52.000000,0.9757115749525617
53.000000,0.9727342549923195
54.000000,0.9747376603186941
55.000000,0.9775100401606426
56.000000,0.9721645201495639
57.000000,0.9768713204373424
58.000000,0.9770114942528736
59.000000,0.9698275862068966
60.000000,0.9764295067656045
61.000000,0.9730327144120248
62.000000,0.9743589743589745
63.000000,0.9786641929499071
64.000000,0.975093984962406
65.000000,0.9761208576998051
66.000000,0.9767206477732794
67.000000,0.9705263157894737
68.000000,0.9738666666666667
69.000000,0.9694444444444444
70.000000,0.9701576576576576
71.000000,0.9726027397260274
72.000000,0.9704861111111112
73.000000,0.9753521126760563
74.000000,0.9791794243723209
75.000000,0.9788819875776398
76.000000,0.9779220779220779
77.000000,0.9723320158102766
78.000000,0.9792780748663101
79.000000,0.9740896358543418
80.000000,0.9786764705882353
81.000000,0.9761194029850746
82.000000,0.9803030303030302
83.000000,0.98
84.000000,0.9854251012145749
85.000000,0.9884868421052632
86.000000,0.9835069444444444
87.000000,0.984375
88.000000,0.9831932773109244
89.000000,0.9867172675521821
90.000000,0.9864995178399228
91.000000,0.9862745098039216
92.000000,0.9864583333333333
93.000000,0.9904661016949152
94.000000,0.9892241379310345
95.000000,0.9908045977011494
96.000000,0.9906432748538011
97.000000,0.9880952380952381
98.000000,0.9872448979591837
99.000000,0.989010989010989
100.000000,0.9925595238095238
101.000000,0.9924242424242424
102.000000,0.9891975308641975
103.000000,0.9905660377358491
104.000000,0.9879931389365352
105.000000,0.9849056603773585
106.000000,0.9903846153846154
107.000000,0.9893162393162394
108.000000,0.9891067538126361
109.000000,0.9901960784313726
110.000000,1.0
111.000000,1.0
112.000000,1.0
113.000000,1.0
114.000000,1.0
115.000000,1.0
116.000000,1.0
117.000000,1.0
118.000000,1.0
119.000000,1.0
120.000000,1.0
121.000000,1.0
122.000000,1.0
123.000000,1.0
124.000000,1.0
125.000000,1.0
126.000000,1.0
127.000000,1.0
128.000000,1.0
129.000000,1.0
130.000000,1.0
131.000000,1.0
132.000000,1.0
133.000000,1.0
134.000000,1.0
135.000000,1.0
136.000000,1.0
137.000000,1.0
138.000000,1.0
139.000000,None
140.000000,None
141.000000,None
142.000000,None
143.000000,None
144.000000,None
145.000000,None
146.000000,None
147.000000,None
148.000000,None
149.000000,None
150.000000,None
151.000000,None
152.000000,None
153.000000,None
154.000000,None
155.000000,None
156.000000,None
157.000000,None
158.000000,None
159.000000,None
160.000000,None
161.000000,None
162.000000,None
163.000000,None
164.000000,None
165.000000,None
166.000000,None
167.000000,None
168.000000,None
