time,auc
1.000000,0.6977777777777778
2.000000,0.5368916797488226
3.000000,0.5827991452991453
4.000000,0.7164939079832697
5.000000,0.6395392047565961
6.000000,0.7271364317841079
7.000000,0.688468809073724
8.000000,0.6139130434782608
9.000000,0.9130434782608696
10.000000,0.7508594539939334
11.000000,0.8233374133006934
12.000000,0.8692564745196324
13.000000,0.7749251176722295
14.000000,0.7914473684210527
15.000000,0.8256860098965362
16.000000,0.855493998153278
17.000000,0.8707498835584536
18.000000,0.8330542932312843
19.000000,0.8711389961389961
20.000000,0.8370535714285714
21.000000,0.8959183673469387
22.000000,0.8967962184873949
23.000000,0.8969155844155844
24.000000,0.8995535714285714
25.000000,0.9101914414414414
26.000000,0.9078756175530369
27.000000,0.927027027027027
28.000000,0.9397328362845605
29.000000,0.9324324324324325
30.000000,0.8858858858858859
31.000000,0.8811503811503811
32.000000,0.923963963963964
33.000000,0.9018181818181819
34.000000,0.9102272727272728
35.000000,0.9296636085626911
36.000000,0.949341842840048
37.000000,0.9608006672226855
38.000000,0.9388379204892966
39.000000,0.9554673721340388
40.000000,0.9550925925925926
41.000000,0.9303118908382065
42.000000,0.9360550909985242
43.000000,0.9439252336448598
44.000000,0.9246838922484881
45.000000,0.9246495327102804
46.000000,0.9333333333333332
47.000000,0.9479305740987984
48.000000,0.9144204851752022
49.000000,0.8748299319727891
50.000000,0.9238095238095239
51.000000,0.9293650793650794
52.000000,0.8406926406926407
53.000000,0.8847619047619049
54.000000,0.7978835978835979
55.000000,0.7785714285714286
56.000000,0.7687074829931972
57.000000,0.8571428571428571
58.000000,0.8141470180305131
59.000000,0.8529411764705882
60.000000,0.8316993464052287
61.000000,0.7970297029702971
62.000000,0.7733333333333333
63.000000,0.802
64.000000,0.7424999999999999
65.000000,0.7575757575757576
66.000000,0.8443877551020409
67.000000,0.5204081632653061
68.000000,0.6735395189003436
69.000000,0.8263888888888888
70.000000,0.9017543859649122
71.000000,0.9157894736842106
72.000000,0.9414893617021276
73.000000,0.8655913978494624
74.000000,0.7445652173913043
75.000000,0.6263736263736264
76.000000,0.6888888888888889
77.000000,0.9666666666666667
78.000000,0.9550561797752809
79.000000,None
80.000000,None
81.000000,None
82.000000,None
83.000000,None
84.000000,None
85.000000,None
86.000000,None
87.000000,None
88.000000,None
89.000000,None
90.000000,None
91.000000,None
92.000000,None
93.000000,None
94.000000,None
95.000000,None
96.000000,None
97.000000,None
98.000000,None
99.000000,None
100.000000,None
101.000000,None
102.000000,None
103.000000,None
104.000000,None
105.000000,None
106.000000,None
107.000000,None
108.000000,None
109.000000,None
110.000000,None
111.000000,None
112.000000,None
113.000000,None
114.000000,None
115.000000,None
116.000000,None
117.000000,None
118.000000,None
119.000000,None
120.000000,None
121.000000,None
122.000000,None
123.000000,None
124.000000,None
125.000000,None
126.000000,None
127.000000,None
128.000000,None
129.000000,None
130.000000,None
131.000000,None
132.000000,None
133.000000,None
134.000000,None
135.000000,None
136.000000,None
137.000000,None
138.000000,None
139.000000,None
140.000000,None
141.000000,None
142.000000,None
143.000000,None
144.000000,None
145.000000,None
146.000000,None
147.000000,None
148.000000,None
149.000000,None
150.000000,None
151.000000,None
152.000000,None
153.000000,None
154.000000,None
155.000000,None
156.000000,None
157.000000,None
158.000000,None
159.000000,None
160.000000,None
161.000000,None
162.000000,None
163.000000,None
164.000000,None
165.000000,None
166.000000,None
167.000000,None
168.000000,None
