time,auc
1.000000,0.40297498309668695
2.000000,0.5410344827586208
3.000000,0.46657283603096417
4.000000,0.5653735632183908
5.000000,0.6815217391304348
6.000000,0.6501387604070304
7.000000,0.734789100410601
8.000000,0.7229214340198321
9.000000,0.7405458089668615
10.000000,0.6028708133971291
11.000000,0.7168141592920354
12.000000,0.7787610619469026
13.000000,0.7884136212624585
14.000000,0.7517006802721088
15.000000,0.712979094076655
16.000000,0.7611607142857142
17.000000,0.8369369369369369
18.000000,0.8655578655578655
19.000000,0.8006993006993007
20.000000,0.8280404610679839
21.000000,0.8375181071945921
22.000000,0.8781676413255362
23.000000,0.8553553553553556
24.000000,0.850051440329218
25.000000,0.8867724867724867
26.000000,0.8323097463284379
27.000000,0.8331500824628916
28.000000,0.9034267912772586
29.000000,0.852803738317757
30.000000,0.8435333132348508
31.000000,0.867601246105919
32.000000,0.9445697711891718
33.000000,0.9085447263017356
34.000000,0.9207338179300796
35.000000,0.8522645578720346
36.000000,0.9128971962616822
37.000000,0.8977358490566039
38.000000,0.8922955974842767
39.000000,0.9138888888888889
40.000000,0.8848861283643893
41.000000,0.8558441558441559
42.000000,0.8435314685314685
43.000000,0.8869047619047619
44.000000,0.8995192307692308
45.000000,0.888663967611336
46.000000,0.8926282051282051
47.000000,0.880656108597285
48.000000,0.9134615384615384
49.000000,0.8826923076923078
50.000000,0.8956043956043956
51.000000,0.863384188626907
52.000000,0.9187675070028012
53.000000,0.9207920792079208
54.000000,0.92
55.000000,0.9553846153846154
56.000000,0.9208333333333334
57.000000,0.9345454545454545
58.000000,0.9504132231404958
59.000000,0.9202226345083488
60.000000,0.9336734693877551
61.000000,0.9625850340136055
62.000000,0.9725085910652921
63.000000,0.9664351851851852
64.000000,0.95703125
65.000000,0.9598214285714286
66.000000,0.974436090225564
67.000000,0.9912280701754386
68.000000,0.9929078014184397
69.000000,0.9957446808510638
70.000000,0.9867021276595744
71.000000,0.9946236559139785
72.000000,0.9945652173913043
73.000000,1.0
74.000000,1.0
75.000000,1.0
76.000000,1.0
77.000000,1.0
78.000000,1.0
79.000000,1.0
80.000000,1.0
81.000000,1.0
82.000000,1.0
83.000000,None
84.000000,None
85.000000,None
86.000000,None
87.000000,None
88.000000,None
89.000000,None
90.000000,None
91.000000,None
92.000000,None
93.000000,None
94.000000,None
95.000000,None
96.000000,None
97.000000,None
98.000000,None
99.000000,None
100.000000,None
101.000000,None
102.000000,None
103.000000,None
104.000000,None
105.000000,None
106.000000,None
107.000000,None
108.000000,None
109.000000,None
110.000000,None
111.000000,None
112.000000,None
113.000000,None
114.000000,None
115.000000,None
116.000000,None
117.000000,None
118.000000,None
119.000000,None
120.000000,None
121.000000,None
122.000000,None
123.000000,None
124.000000,None
125.000000,None
126.000000,None
127.000000,None
128.000000,None
129.000000,None
130.000000,None
131.000000,None
132.000000,None
133.000000,None
134.000000,None
135.000000,None
136.000000,None
137.000000,None
138.000000,None
139.000000,None
140.000000,None
141.000000,None
142.000000,None
143.000000,None
144.000000,None
145.000000,None
146.000000,None
147.000000,None
148.000000,None
149.000000,None
150.000000,None
151.000000,None
152.000000,None
153.000000,None
154.000000,None
155.000000,None
156.000000,None
157.000000,None
158.000000,None
159.000000,None
160.000000,None
161.000000,None
162.000000,None
163.000000,None
164.000000,None
165.000000,None
166.000000,None
167.000000,None
168.000000,None
