time,auc
1.000000,0.5628803245436106
2.000000,0.6258620689655172
3.000000,0.6351304347826087
4.000000,0.7543921916592724
5.000000,0.7014492753623188
6.000000,0.689875730994152
7.000000,0.7844344904815229
8.000000,0.7472227452457165
9.000000,0.707772220084648
10.000000,0.7701863354037267
11.000000,0.7918650793650793
12.000000,0.7982954545454546
13.000000,0.817483388704319
14.000000,0.8186649659863946
15.000000,0.7898519163763066
16.000000,0.8444297956493079
17.000000,0.8454545454545455
18.000000,0.9084090909090909
19.000000,0.8827505827505828
20.000000,0.8708133971291866
21.000000,0.8501228501228502
22.000000,0.7830399206545996
23.000000,0.8435270132517839
24.000000,0.8163580246913579
25.000000,0.8982346832814122
26.000000,0.8894526034712951
27.000000,0.8680593732820231
28.000000,0.9020532741398445
29.000000,0.9288164665523156
30.000000,0.910377358490566
31.000000,0.9099208764455265
32.000000,0.9421383647798742
33.000000,0.9281067013662979
34.000000,0.9245283018867925
35.000000,0.9339622641509434
36.000000,0.9332365747460086
37.000000,0.9135849056603773
38.000000,0.9202044025157233
39.000000,0.9472222222222222
40.000000,0.927536231884058
41.000000,0.9285714285714286
42.000000,0.926984126984127
43.000000,0.9000000000000001
44.000000,0.9177944862155387
45.000000,0.9074074074074073
46.000000,0.8845938375350141
47.000000,0.8583333333333334
48.000000,0.8926984126984127
49.000000,0.883673469387755
50.000000,0.9182692307692307
51.000000,0.8966712898751734
52.000000,0.8737864077669902
53.000000,0.8923948220064725
54.000000,0.9027777777777777
55.000000,0.8885918003565063
56.000000,0.8529411764705882
57.000000,0.805940594059406
58.000000,0.8514851485148515
59.000000,0.8622222222222222
60.000000,0.89375
61.000000,0.9078282828282829
62.000000,0.8871173469387755
63.000000,0.9008746355685131
64.000000,0.9302721088435374
65.000000,0.9347079037800687
66.000000,0.9253472222222222
67.000000,0.9526315789473684
68.000000,0.9060283687943262
69.000000,0.9744680851063829
70.000000,0.9707446808510638
71.000000,0.9811827956989247
72.000000,0.978494623655914
73.000000,0.9855072463768115
74.000000,0.9619565217391304
75.000000,0.967391304347826
76.000000,0.9120879120879121
77.000000,None
78.000000,None
79.000000,None
80.000000,None
81.000000,None
82.000000,None
83.000000,None
84.000000,None
85.000000,None
86.000000,None
87.000000,None
88.000000,None
89.000000,None
90.000000,None
91.000000,None
92.000000,None
93.000000,None
94.000000,None
95.000000,None
96.000000,None
97.000000,None
98.000000,None
99.000000,None
100.000000,None
101.000000,None
102.000000,None
103.000000,None
104.000000,None
105.000000,None
106.000000,None
107.000000,None
108.000000,None
109.000000,None
110.000000,None
111.000000,None
112.000000,None
113.000000,None
114.000000,None
115.000000,None
116.000000,None
117.000000,None
118.000000,None
119.000000,None
120.000000,None
121.000000,None
122.000000,None
123.000000,None
124.000000,None
125.000000,None
126.000000,None
127.000000,None
128.000000,None
129.000000,None
130.000000,None
131.000000,None
132.000000,None
133.000000,None
134.000000,None
135.000000,None
136.000000,None
137.000000,None
138.000000,None
139.000000,None
140.000000,None
141.000000,None
142.000000,None
143.000000,None
144.000000,None
145.000000,None
146.000000,None
147.000000,None
148.000000,None
149.000000,None
150.000000,None
151.000000,None
152.000000,None
153.000000,None
154.000000,None
155.000000,None
156.000000,None
157.000000,None
158.000000,None
159.000000,None
160.000000,None
161.000000,None
162.000000,None
163.000000,None
164.000000,None
165.000000,None
166.000000,None
167.000000,None
168.000000,None
