time,auc
1.000000,0.3216700473292765
2.000000,0.5798275862068966
3.000000,0.4621745249824068
4.000000,0.5728482697426798
5.000000,0.5612244897959184
6.000000,0.5226657034495215
7.000000,0.7501843657817108
8.000000,0.647335718320467
9.000000,0.7171989226625625
10.000000,0.4810226155358899
11.000000,0.7540225261464198
12.000000,0.6996753246753248
13.000000,0.6685094185094185
14.000000,0.7684894196522103
15.000000,0.7003432003432003
16.000000,0.8413535486706218
17.000000,0.7441441441441442
18.000000,0.8352968352968353
19.000000,0.84850640113798
20.000000,0.8607255904553203
21.000000,0.7977977977977979
22.000000,0.8517374517374517
23.000000,0.8361038961038961
24.000000,0.7676470588235295
25.000000,0.846831955922865
26.000000,0.8002840909090909
27.000000,0.8601173020527859
28.000000,0.8413731873335306
29.000000,0.8685015290519877
30.000000,0.9098765432098765
31.000000,0.8518518518518519
32.000000,0.9120370370370371
33.000000,0.9149519890260631
34.000000,0.9491173416407062
35.000000,0.9399712437095615
36.000000,0.9698838896952104
37.000000,0.950188679245283
38.000000,0.9658018867924529
39.000000,0.9470877768662839
40.000000,0.9712692967409949
41.000000,0.9537286612758311
42.000000,0.9311320754716981
43.000000,0.9719047619047619
44.000000,0.9609022556390978
45.000000,0.8962962962962963
46.000000,0.9802350427350428
47.000000,0.9816612729234089
48.000000,0.9880174291938998
49.000000,0.9752018454440599
50.000000,0.9924286546301688
51.000000,0.9747058823529411
52.000000,0.9887106357694593
53.000000,0.9936868686868686
54.000000,0.9831649831649831
55.000000,0.9913419913419913
56.000000,0.9846938775510204
57.000000,0.9904270986745214
58.000000,0.9984139571768438
59.000000,1.0
60.000000,0.9953139643861293
61.000000,0.9979381443298969
62.000000,1.0
63.000000,1.0
64.000000,0.9953216374269006
65.000000,1.0
66.000000,1.0
67.000000,1.0
68.000000,1.0
69.000000,1.0
70.000000,0.9978494623655914
71.000000,0.9946236559139785
72.000000,0.9891304347826088
73.000000,1.0
74.000000,0.9944444444444445
75.000000,1.0
76.000000,1.0
77.000000,1.0
78.000000,1.0
79.000000,1.0
80.000000,1.0
81.000000,None
82.000000,None
83.000000,None
84.000000,None
85.000000,None
86.000000,None
87.000000,None
88.000000,None
89.000000,None
90.000000,None
91.000000,None
92.000000,None
93.000000,None
94.000000,None
95.000000,None
96.000000,None
97.000000,None
98.000000,None
99.000000,None
100.000000,None
101.000000,None
102.000000,None
103.000000,None
104.000000,None
105.000000,None
106.000000,None
107.000000,None
108.000000,None
109.000000,None
110.000000,None
111.000000,None
112.000000,None
113.000000,None
114.000000,None
115.000000,None
116.000000,None
117.000000,None
118.000000,None
119.000000,None
120.000000,None
121.000000,None
122.000000,None
123.000000,None
124.000000,None
125.000000,None
126.000000,None
127.000000,None
128.000000,None
129.000000,None
130.000000,None
131.000000,None
132.000000,None
133.000000,None
134.000000,None
135.000000,None
136.000000,None
137.000000,None
138.000000,None
139.000000,None
140.000000,None
141.000000,None
142.000000,None
143.000000,None
144.000000,None
145.000000,None
146.000000,None
147.000000,None
148.000000,None
149.000000,None
150.000000,None
151.000000,None
152.000000,None
153.000000,None
154.000000,None
155.000000,None
156.000000,None
157.000000,None
158.000000,None
159.000000,None
160.000000,None
161.000000,None
162.000000,None
163.000000,None
164.000000,None
165.000000,None
166.000000,None
167.000000,None
168.000000,None
