time,auc
1.000000,0.4716024340770791
2.000000,0.6103448275862069
3.000000,0.5946516537649542
4.000000,0.5277728482697427
5.000000,0.6462585034013605
6.000000,0.5656492685569804
7.000000,0.8036504424778762
8.000000,0.716703869047619
9.000000,0.7064969604863223
10.000000,0.7408472302089324
11.000000,0.8170779475127302
12.000000,0.78300395256917
13.000000,0.8143199042680493
14.000000,0.871559633027523
15.000000,0.8491769547325103
16.000000,0.890134994807892
17.000000,0.8964360587002096
18.000000,0.875
19.000000,0.9170688898639754
20.000000,0.8539982030548069
21.000000,0.8748299319727891
22.000000,0.8507326007326007
23.000000,0.8604596622889306
24.000000,0.8550480769230768
25.000000,0.9189320388349514
26.000000,0.8974358974358975
27.000000,0.9399591211037301
28.000000,0.9294148517449489
29.000000,0.9289878113407526
30.000000,0.9280171260369281
31.000000,0.9351351351351351
32.000000,0.9183333333333333
33.000000,0.9295735129068463
34.000000,0.944011544011544
35.000000,0.9331550802139037
36.000000,0.9411764705882353
37.000000,0.9335961188599151
38.000000,0.9295343137254902
39.000000,0.9015151515151515
40.000000,0.9177033492822966
41.000000,0.9161184210526316
42.000000,0.9438164893617021
43.000000,0.9640456989247312
44.000000,0.9541440217391305
45.000000,0.9715988779803646
46.000000,0.9542715349166961
47.000000,0.9604395604395604
48.000000,0.9640015157256536
49.000000,0.9616858237547893
50.000000,0.9810151104223169
51.000000,0.9780564263322884
52.000000,0.9646915584415583
53.000000,0.9831649831649831
54.000000,0.9770114942528735
55.000000,0.9796640141467727
56.000000,0.9865831842576028
57.000000,0.9897674418604651
58.000000,0.9762596899224807
59.000000,0.9828109201213346
60.000000,0.9836317135549872
61.000000,0.993048128342246
62.000000,0.9893557422969188
63.000000,0.9841269841269842
64.000000,0.9954102122776821
65.000000,0.9936120789779327
66.000000,0.9811875367430922
67.000000,0.9728395061728394
68.000000,0.990625
69.000000,0.9987341772151899
70.000000,0.9900066622251832
71.000000,0.9943741209563994
72.000000,0.9895755770662695
73.000000,1.0
74.000000,0.9911858974358975
75.000000,0.9991883116883117
76.000000,0.993421052631579
77.000000,1.0
78.000000,0.9991111111111112
79.000000,1.0
80.000000,1.0
81.000000,1.0
82.000000,1.0
83.000000,1.0
84.000000,1.0
85.000000,1.0
86.000000,1.0
87.000000,1.0
88.000000,1.0
89.000000,1.0
90.000000,1.0
91.000000,1.0
92.000000,1.0
93.000000,1.0
94.000000,1.0
95.000000,1.0
96.000000,1.0
97.000000,1.0
98.000000,1.0
99.000000,1.0
100.000000,1.0
101.000000,1.0
102.000000,1.0
103.000000,1.0
104.000000,1.0
105.000000,1.0
106.000000,1.0
107.000000,1.0
108.000000,1.0
109.000000,1.0
110.000000,1.0
111.000000,1.0
112.000000,1.0
113.000000,1.0
114.000000,1.0
115.000000,1.0
116.000000,1.0
117.000000,1.0
118.000000,1.0
119.000000,1.0
120.000000,1.0
121.000000,1.0
122.000000,1.0
123.000000,1.0
124.000000,1.0
125.000000,1.0
126.000000,1.0
127.000000,1.0
128.000000,1.0
129.000000,1.0
130.000000,1.0
131.000000,1.0
132.000000,1.0
133.000000,None
134.000000,None
135.000000,None
136.000000,None
137.000000,None
138.000000,None
139.000000,None
140.000000,None
141.000000,None
142.000000,None
143.000000,None
144.000000,None
145.000000,None
146.000000,None
147.000000,None
148.000000,None
149.000000,None
150.000000,None
151.000000,None
152.000000,None
153.000000,None
154.000000,None
155.000000,None
156.000000,None
157.000000,None
158.000000,None
159.000000,None
160.000000,None
161.000000,None
162.000000,None
163.000000,None
164.000000,None
165.000000,None
166.000000,None
167.000000,None
168.000000,None
