time,auc
1.000000,0.7033468559837728
2.000000,0.6267689684569481
3.000000,0.6864465084279326
4.000000,0.7442105263157894
5.000000,0.8084496956677408
6.000000,0.8053097345132743
7.000000,0.777332361516035
8.000000,0.8612351190476191
9.000000,0.8900075987841944
10.000000,0.9243012422360248
11.000000,0.910515873015873
12.000000,0.9125405844155844
13.000000,0.9670352170352171
14.000000,0.9442698512465955
15.000000,0.9539112050739957
16.000000,0.9560486451888202
17.000000,0.9601636520241171
18.000000,0.9469680504238209
19.000000,0.9572180781044317
20.000000,0.9773135669362085
21.000000,0.9664399092970521
22.000000,0.9656213704994192
23.000000,0.9659943714821764
24.000000,0.9775041439734786
25.000000,0.9751315160210425
26.000000,0.9823529411764707
27.000000,0.9638613861386139
28.000000,0.9799441482609799
29.000000,0.9656410256410255
30.000000,0.9610526315789474
31.000000,0.9752791068580542
32.000000,0.9612339612339613
33.000000,0.978675645342312
34.000000,0.9445887445887445
35.000000,0.9690962099125364
36.000000,0.9511045655375553
37.000000,0.9803571428571429
38.000000,0.958639705882353
39.000000,0.9687306501547988
40.000000,0.9443053817271589
41.000000,0.9335863377609108
42.000000,0.9494949494949495
43.000000,0.9694220430107526
44.000000,0.9254249046132501
45.000000,0.9624824684431976
46.000000,0.9728260869565217
47.000000,0.9707646176911544
48.000000,0.9693065555134521
49.000000,0.9567049808429119
50.000000,0.9789682539682539
51.000000,0.9803370786516854
52.000000,0.9837702871410736
53.000000,0.9877946127946127
54.000000,0.9974457215836526
55.000000,0.9946949602122016
56.000000,0.9958620689655172
57.000000,0.9925581395348837
58.000000,0.9922480620155039
59.000000,0.9941176470588236
60.000000,0.9938618925831202
61.000000,0.9772256728778468
62.000000,0.9952854897852279
63.000000,0.9787910922587487
64.000000,0.9861419068736141
65.000000,0.981416957026713
66.000000,0.9541446208112875
67.000000,0.9950617283950617
68.000000,0.9674999999999999
69.000000,0.9816455696202532
70.000000,0.9800133244503664
71.000000,0.9932523616734144
72.000000,0.9829118250170882
73.000000,0.9877344877344878
74.000000,0.9956140350877193
75.000000,0.9969040247678019
76.000000,0.9984313725490197
77.000000,0.9984101748807632
78.000000,0.9983883964544722
79.000000,0.9991830065359477
80.000000,1.0
81.000000,1.0
82.000000,1.0
83.000000,1.0
84.000000,1.0
85.000000,1.0
86.000000,1.0
87.000000,1.0
88.000000,1.0
89.000000,1.0
90.000000,1.0
91.000000,1.0
92.000000,1.0
93.000000,1.0
94.000000,1.0
95.000000,1.0
96.000000,1.0
97.000000,1.0
98.000000,1.0
99.000000,1.0
100.000000,1.0
101.000000,1.0
102.000000,1.0
103.000000,1.0
104.000000,1.0
105.000000,1.0
106.000000,1.0
107.000000,1.0
108.000000,1.0
109.000000,1.0
110.000000,1.0
111.000000,1.0
112.000000,1.0
113.000000,1.0
114.000000,1.0
115.000000,1.0
116.000000,1.0
117.000000,1.0
118.000000,1.0
119.000000,1.0
120.000000,1.0
121.000000,1.0
122.000000,1.0
123.000000,1.0
124.000000,1.0
125.000000,1.0
126.000000,1.0
127.000000,1.0
128.000000,1.0
129.000000,1.0
130.000000,1.0
131.000000,1.0
132.000000,1.0
133.000000,1.0
134.000000,1.0
135.000000,1.0
136.000000,1.0
137.000000,1.0
138.000000,1.0
139.000000,1.0
140.000000,1.0
141.000000,None
142.000000,None
143.000000,None
144.000000,None
145.000000,None
146.000000,None
147.000000,None
148.000000,None
149.000000,None
150.000000,None
151.000000,None
152.000000,None
153.000000,None
154.000000,None
155.000000,None
156.000000,None
157.000000,None
158.000000,None
159.000000,None
160.000000,None
161.000000,None
162.000000,None
163.000000,None
164.000000,None
165.000000,None
166.000000,None
167.000000,None
168.000000,None
