time,auc
1.000000,0.6914529914529914
2.000000,0.7382758620689653
3.000000,0.7346086956521739
4.000000,0.6496491228070176
5.000000,0.820353982300885
6.000000,0.8222864366985732
7.000000,0.7509218289085546
8.000000,0.8049331575974393
9.000000,0.7974924012158054
10.000000,0.8526785714285714
11.000000,0.8509920634920635
12.000000,0.8258258258258259
13.000000,0.9006060606060606
14.000000,0.8617768595041322
15.000000,0.8803169307756464
16.000000,0.9198232323232323
17.000000,0.8901808785529717
18.000000,0.9519400352733686
19.000000,0.916892502258356
20.000000,0.9487121039434694
21.000000,0.9597330878969167
22.000000,0.9314750290360047
23.000000,0.9425422138836773
24.000000,0.9235140895098272
25.000000,0.9524271844660194
26.000000,0.9653970624844411
27.000000,0.9596320899335717
28.000000,0.9502063983488133
29.000000,0.9411764705882353
30.000000,0.9583333333333334
31.000000,0.9548954895489549
32.000000,0.9640735502121641
33.000000,0.947582993593477
34.000000,0.9747058823529412
35.000000,0.9705882352941176
36.000000,0.9843937575030012
37.000000,0.9823747680890538
38.000000,0.9703443877551021
39.000000,0.9832474226804124
40.000000,0.984375
41.000000,0.9881578947368421
42.000000,0.9873670212765957
43.000000,0.9921070693205216
44.000000,0.9865248226950355
45.000000,0.9831541218637994
46.000000,0.9914720059325176
47.000000,0.9898800599700149
48.000000,0.9937888198757764
49.000000,0.9929356357927785
50.000000,0.9888888888888889
51.000000,0.9919743178170144
52.000000,0.997564935064935
53.000000,0.9963054187192117
54.000000,0.9940400170285228
55.000000,0.9991158267020336
56.000000,0.9995527728085868
57.000000,0.9986046511627906
58.000000,0.999515503875969
59.000000,0.9990196078431373
60.000000,0.9994884910485934
61.000000,1.0
62.000000,1.0
63.000000,1.0
64.000000,1.0
65.000000,1.0
66.000000,1.0
67.000000,1.0
68.000000,1.0
69.000000,1.0
70.000000,1.0
71.000000,1.0
72.000000,1.0
73.000000,1.0
74.000000,1.0
75.000000,1.0
76.000000,1.0
77.000000,1.0
78.000000,1.0
79.000000,1.0
80.000000,1.0
81.000000,1.0
82.000000,1.0
83.000000,1.0
84.000000,1.0
85.000000,1.0
86.000000,1.0
87.000000,1.0
88.000000,1.0
89.000000,1.0
90.000000,1.0
91.000000,1.0
92.000000,1.0
93.000000,1.0
94.000000,1.0
95.000000,1.0
96.000000,1.0
97.000000,1.0
98.000000,1.0
99.000000,1.0
100.000000,1.0
101.000000,1.0
102.000000,1.0
103.000000,1.0
104.000000,1.0
105.000000,1.0
106.000000,1.0
107.000000,1.0
108.000000,1.0
109.000000,1.0
110.000000,1.0
111.000000,1.0
112.000000,1.0
113.000000,1.0
114.000000,1.0
115.000000,1.0
116.000000,1.0
117.000000,1.0
118.000000,1.0
119.000000,1.0
120.000000,1.0
121.000000,1.0
122.000000,1.0
123.000000,1.0
124.000000,1.0
125.000000,1.0
126.000000,1.0
127.000000,1.0
128.000000,1.0
129.000000,1.0
130.000000,1.0
131.000000,1.0
132.000000,1.0
133.000000,1.0
134.000000,1.0
135.000000,1.0
136.000000,1.0
137.000000,1.0
138.000000,1.0
139.000000,None
140.000000,None
141.000000,None
142.000000,None
143.000000,None
144.000000,None
145.000000,None
146.000000,None
147.000000,None
148.000000,None
149.000000,None
150.000000,None
151.000000,None
152.000000,None
153.000000,None
154.000000,None
155.000000,None
156.000000,None
157.000000,None
158.000000,None
159.000000,None
160.000000,None
161.000000,None
162.000000,None
163.000000,None
164.000000,None
165.000000,None
166.000000,None
167.000000,None
168.000000,None
