time,auc
1.000000,0.6027721433400947
2.000000,0.7283887468030691
3.000000,0.7082903336773305
4.000000,0.6689224362311297
5.000000,0.8658407079646018
6.000000,0.857865270001806
7.000000,0.790634110787172
8.000000,0.8896949404761905
9.000000,0.8755699088145896
10.000000,0.9013975155279503
11.000000,0.8323412698412698
12.000000,0.8492288961038961
13.000000,0.8978405315614618
14.000000,0.8807397959183674
15.000000,0.8878163878163878
16.000000,0.8984838497033619
17.000000,0.8270509977827052
18.000000,0.8981818181818182
19.000000,0.8804195804195805
20.000000,0.8782296650717704
21.000000,0.8896805896805897
22.000000,0.8775252525252526
23.000000,0.8649350649350649
24.000000,0.8684491978609625
25.000000,0.8732782369146006
26.000000,0.8713068181818182
27.000000,0.870674486803519
28.000000,0.8515151515151516
29.000000,0.8805642633228841
30.000000,0.9061688311688312
31.000000,0.9003931847968545
32.000000,0.9062181447502549
33.000000,0.8823731138545954
34.000000,0.9058497750086536
35.000000,0.9063591893780573
36.000000,0.903846153846154
37.000000,0.9333333333333332
38.000000,0.9188571428571428
39.000000,0.9194444444444445
40.000000,0.9192546583850932
41.000000,0.919732441471572
42.000000,0.8570804195804196
43.000000,0.9302736098852603
44.000000,0.9445214979195562
45.000000,0.946311858076564
46.000000,0.9313725490196079
47.000000,0.9205366357069142
48.000000,0.9406318082788672
49.000000,0.955995599559956
50.000000,0.9650000000000001
51.000000,0.9494949494949494
52.000000,0.9275103980986333
53.000000,0.9318181818181819
54.000000,0.9481481481481481
55.000000,0.9025974025974026
56.000000,0.9246309246309247
57.000000,0.9277864992150706
58.000000,0.8937074829931972
59.000000,0.9269759450171822
60.000000,0.9165885660731021
61.000000,0.8907216494845361
62.000000,0.8980526918671249
63.000000,0.8711340206185567
64.000000,0.8762886597938144
65.000000,0.894345238095238
66.000000,0.9253472222222223
67.000000,0.9333333333333333
68.000000,0.8947368421052633
69.000000,0.9404255319148935
70.000000,0.9505376344086022
71.000000,0.9652173913043479
72.000000,0.945054945054945
73.000000,0.9835164835164835
74.000000,0.9750000000000001
75.000000,0.9888888888888888
76.000000,0.9944444444444445
77.000000,0.9887640449438202
78.000000,0.9886363636363636
79.000000,0.9942528735632185
80.000000,0.9941860465116279
81.000000,0.9941176470588236
82.000000,1.0
83.000000,None
84.000000,None
85.000000,None
86.000000,None
87.000000,None
88.000000,None
89.000000,None
90.000000,None
91.000000,None
92.000000,None
93.000000,None
94.000000,None
95.000000,None
96.000000,None
97.000000,None
98.000000,None
99.000000,None
100.000000,None
101.000000,None
102.000000,None
103.000000,None
104.000000,None
105.000000,None
106.000000,None
107.000000,None
108.000000,None
109.000000,None
110.000000,None
111.000000,None
112.000000,None
113.000000,None
114.000000,None
115.000000,None
116.000000,None
117.000000,None
118.000000,None
119.000000,None
120.000000,None
121.000000,None
122.000000,None
123.000000,None
124.000000,None
125.000000,None
126.000000,None
127.000000,None
128.000000,None
129.000000,None
130.000000,None
131.000000,None
132.000000,None
133.000000,None
134.000000,None
135.000000,None
136.000000,None
137.000000,None
138.000000,None
139.000000,None
140.000000,None
141.000000,None
142.000000,None
143.000000,None
144.000000,None
145.000000,None
146.000000,None
147.000000,None
148.000000,None
149.000000,None
150.000000,None
151.000000,None
152.000000,None
153.000000,None
154.000000,None
155.000000,None
156.000000,None
157.000000,None
158.000000,None
159.000000,None
160.000000,None
161.000000,None
162.000000,None
163.000000,None
164.000000,None
165.000000,None
166.000000,None
167.000000,None
168.000000,None
