time,auc
1.000000,0.6093047388446905
2.000000,0.5309611023896739
3.000000,0.486277269528501
4.000000,0.6797772988505746
5.000000,0.7563405797101449
6.000000,0.7724780701754386
7.000000,0.7625368731563421
8.000000,0.8913575597815854
9.000000,0.9253559061177375
10.000000,0.8704031465093411
11.000000,0.8664521319388576
12.000000,0.9210633116883117
13.000000,0.8988533988533989
14.000000,0.9371464487743557
15.000000,0.9439746300211416
16.000000,0.9155844155844156
17.000000,0.9248580166011358
18.000000,0.9082892416225748
19.000000,0.9083222073876279
20.000000,0.9110512129380054
21.000000,0.9314312011044639
22.000000,0.8961672473867596
23.000000,0.9538095238095238
24.000000,0.9512019230769231
25.000000,0.9366504854368931
26.000000,0.9671568627450982
27.000000,0.9680744092508798
28.000000,0.9651702786377708
29.000000,0.9648254299114122
30.000000,0.9823684210526316
31.000000,0.9553429027113238
32.000000,0.965359828141783
33.000000,0.9646993932708219
34.000000,0.9699080523822793
35.000000,0.9642454954954955
36.000000,0.9658605974395448
37.000000,0.9718228867165037
38.000000,0.9781323877068557
39.000000,0.9716248506571087
40.000000,0.9685990338164252
41.000000,0.974223602484472
42.000000,0.9551020408163264
43.000000,0.9647619047619048
44.000000,0.9678972712680578
45.000000,0.9649702577660277
46.000000,0.9717398706162751
47.000000,0.9600550964187328
48.000000,0.9536746778126088
49.000000,0.9612403100775194
50.000000,0.960427807486631
51.000000,0.9451659451659452
52.000000,0.9510770354143848
53.000000,0.9586104951958612
54.000000,0.9538871951219512
55.000000,0.9656635802469136
56.000000,0.9697331740342493
57.000000,0.965725806451613
58.000000,0.9710085749285422
59.000000,0.9645569620253165
60.000000,0.9711916193801834
61.000000,0.9725906277630416
62.000000,0.968652037617555
63.000000,0.9689239332096475
64.000000,0.9653679653679653
65.000000,0.9634502923976608
66.000000,0.9609876543209876
67.000000,0.9589589589589589
68.000000,0.9665144596651447
69.000000,0.9624485596707819
70.000000,0.9629629629629629
71.000000,0.9608465608465608
72.000000,0.960989010989011
73.000000,0.956
74.000000,0.9617391304347827
75.000000,0.9601449275362319
76.000000,0.9571518588531821
77.000000,0.9584398976982097
78.000000,0.9571706683971447
79.000000,0.9571805006587615
80.000000,0.9605351170568562
81.000000,0.9551630434782609
82.000000,0.961352657004831
83.000000,0.9593267882187938
84.000000,0.9622238061297219
85.000000,0.9601449275362319
86.000000,0.9535740604274134
87.000000,0.9625187406296851
88.000000,0.9633867276887872
89.000000,0.9619565217391304
90.000000,0.9604743083003953
91.000000,0.9487603305785124
92.000000,0.9579124579124579
93.000000,0.9493996569468268
94.000000,0.9545454545454546
95.000000,0.9514652014652014
96.000000,0.9413461538461538
97.000000,0.9470588235294117
98.000000,0.9453044375644994
99.000000,0.9442105263157894
100.000000,0.9538131041890441
101.000000,0.9561403508771931
102.000000,0.9490740740740741
103.000000,0.9503546099290779
104.000000,0.9549436795994994
105.000000,0.9507978723404256
106.000000,0.9489361702127661
107.000000,0.9772036474164134
108.000000,0.9901800327332242
109.000000,0.9866220735785953
110.000000,0.9873188405797102
111.000000,0.987037037037037
112.000000,0.9898989898989898
113.000000,0.987603305785124
114.000000,0.9894291754756871
115.000000,0.9891774891774892
116.000000,0.988095238095238
117.000000,0.9878048780487805
118.000000,0.985
119.000000,0.9833333333333334
120.000000,0.9857549857549858
121.000000,0.9853801169590644
122.000000,0.9819819819819819
123.000000,0.9814814814814815
124.000000,0.9873015873015872
125.000000,1.0
126.000000,1.0
127.000000,1.0
128.000000,0.99609375
129.000000,1.0
130.000000,1.0
131.000000,1.0
132.000000,1.0
133.000000,1.0
134.000000,1.0
135.000000,1.0
136.000000,1.0
137.000000,1.0
138.000000,1.0
139.000000,1.0
140.000000,1.0
141.000000,1.0
142.000000,1.0
143.000000,1.0
144.000000,1.0
145.000000,1.0
146.000000,1.0
147.000000,1.0
148.000000,1.0
149.000000,1.0
150.000000,1.0
151.000000,1.0
152.000000,1.0
153.000000,1.0
154.000000,1.0
155.000000,1.0
156.000000,1.0
157.000000,1.0
158.000000,1.0
159.000000,1.0
160.000000,1.0
161.000000,1.0
162.000000,1.0
163.000000,1.0
164.000000,1.0
165.000000,1.0
166.000000,1.0
167.000000,None
168.000000,None
