time,auc
1.000000,0.5537876167416119
2.000000,0.4648526077097505
3.000000,0.7425213675213675
4.000000,0.4624477177668667
5.000000,0.47008547008547014
6.000000,0.7143928035982009
7.000000,0.803448275862069
8.000000,0.8119122257053292
9.000000,0.642542101042502
10.000000,0.7302325581395349
11.000000,0.780952380952381
12.000000,0.5509607351712615
13.000000,0.7847667950363714
14.000000,0.8116228070175439
15.000000,0.783850652271705
16.000000,0.7917820867959372
17.000000,0.8006164058795637
18.000000,0.8128654970760234
19.000000,0.7473684210526316
20.000000,0.7801857585139319
21.000000,0.861244019138756
22.000000,0.8423793859649122
23.000000,0.8271080928126769
24.000000,0.7652046783625731
25.000000,0.8601769911504424
26.000000,0.8211309523809525
27.000000,0.8294334975369457
28.000000,0.8884746815781298
29.000000,0.8922136422136422
30.000000,0.9329329329329329
31.000000,0.9350168350168351
32.000000,0.8881118881118882
33.000000,0.9181818181818182
34.000000,0.921590909090909
35.000000,0.9407492354740061
36.000000,0.903869166334264
37.000000,0.9299416180150125
38.000000,0.9536915683704674
39.000000,0.9472477064220184
40.000000,0.9401255432158377
41.000000,0.9200779727095516
42.000000,0.9320987654320988
43.000000,0.9079520697167757
44.000000,0.9253472222222222
45.000000,0.9246913580246914
46.000000,0.9408099688473521
47.000000,0.9432576769025367
48.000000,0.9433962264150942
49.000000,0.9172714078374455
50.000000,0.9418238993710693
51.000000,0.9412698412698413
52.000000,0.9318910256410257
53.000000,0.875
54.000000,0.8682692307692308
55.000000,0.8699029126213592
56.000000,0.9382352941176471
57.000000,0.8943355119825709
58.000000,0.9174917491749175
59.000000,0.9405940594059405
60.000000,0.94125
61.000000,0.9485714285714285
62.000000,0.9133333333333333
63.000000,0.9595959595959597
64.000000,0.9393939393939393
65.000000,0.9408163265306123
66.000000,0.9649484536082474
67.000000,0.9304123711340206
68.000000,0.953125
69.000000,0.9552631578947368
70.000000,0.9627659574468085
71.000000,0.9919354838709677
72.000000,0.9856630824372761
73.000000,0.9963768115942029
74.000000,0.9891304347826088
75.000000,1.0
76.000000,0.9388888888888889
77.000000,0.8707865168539326
78.000000,1.0
79.000000,None
80.000000,None
81.000000,None
82.000000,None
83.000000,None
84.000000,None
85.000000,None
86.000000,None
87.000000,None
88.000000,None
89.000000,None
90.000000,None
91.000000,None
92.000000,None
93.000000,None
94.000000,None
95.000000,None
96.000000,None
97.000000,None
98.000000,None
99.000000,None
100.000000,None
101.000000,None
102.000000,None
103.000000,None
104.000000,None
105.000000,None
106.000000,None
107.000000,None
108.000000,None
109.000000,None
110.000000,None
111.000000,None
112.000000,None
113.000000,None
114.000000,None
115.000000,None
116.000000,None
117.000000,None
118.000000,None
119.000000,None
120.000000,None
121.000000,None
122.000000,None
123.000000,None
124.000000,None
125.000000,None
126.000000,None
127.000000,None
128.000000,None
129.000000,None
130.000000,None
131.000000,None
132.000000,None
133.000000,None
134.000000,None
135.000000,None
136.000000,None
137.000000,None
138.000000,None
139.000000,None
140.000000,None
141.000000,None
142.000000,None
143.000000,None
144.000000,None
145.000000,None
146.000000,None
147.000000,None
148.000000,None
149.000000,None
150.000000,None
151.000000,None
152.000000,None
153.000000,None
154.000000,None
155.000000,None
156.000000,None
157.000000,None
158.000000,None
159.000000,None
160.000000,None
161.000000,None
162.000000,None
163.000000,None
164.000000,None
165.000000,None
166.000000,None
167.000000,None
168.000000,None
