time,auc
1.000000,0.6586324786324786
2.000000,0.6591379310344827
3.000000,0.7306086956521739
4.000000,0.6426315789473684
5.000000,0.6825993555316864
6.000000,0.8145102339181287
7.000000,0.7181969026548672
8.000000,0.7638862737714177
9.000000,0.7841945288753799
10.000000,0.7107533064979873
11.000000,0.8446808510638297
12.000000,0.8023715415019763
13.000000,0.8753490227363383
14.000000,0.8491335372069317
15.000000,0.8569641367806505
16.000000,0.8606784723703862
17.000000,0.8464685615848406
18.000000,0.8675044091710759
19.000000,0.8500222518914108
20.000000,0.905884995507637
21.000000,0.8798185941043084
22.000000,0.8982578397212543
23.000000,0.8803939962476549
24.000000,0.9140421501302393
25.000000,0.9148732663797225
26.000000,0.9333333333333333
27.000000,0.9067370537958773
28.000000,0.9096217314039096
29.000000,0.9128205128205128
30.000000,0.9285159285159285
31.000000,0.9391281233386497
32.000000,0.948948948948949
33.000000,0.9553226696083839
34.000000,0.9617346938775511
35.000000,0.965597667638484
36.000000,0.956701030927835
37.000000,0.966949666464524
38.000000,0.963235294117647
39.000000,0.9705882352941178
40.000000,0.9652690863579475
41.000000,0.9674256799493992
42.000000,0.9566634082763115
43.000000,0.9583333333333333
44.000000,0.9753728754769337
45.000000,0.9763440860215054
46.000000,0.9833147942157953
47.000000,0.9869431643625193
48.000000,0.984860248447205
49.000000,0.977629513343799
50.000000,0.9785714285714285
51.000000,0.9757201646090534
52.000000,0.9867521367521368
53.000000,0.9801210025929128
54.000000,0.9807692307692307
55.000000,0.9845269672855881
56.000000,0.9816091954022989
57.000000,0.9860465116279069
58.000000,0.9912790697674418
59.000000,0.992156862745098
60.000000,0.9930555555555555
61.000000,0.9939759036144578
62.000000,0.9921424829753798
63.000000,0.9941675503711559
64.000000,0.9933481152993348
65.000000,0.9941927990708478
66.000000,0.9941211052322163
67.000000,0.9950617283950617
68.000000,0.9915529564652371
69.000000,0.9973684210526316
70.000000,0.9923611111111111
71.000000,0.9943741209563994
72.000000,0.9935897435897436
73.000000,0.9956709956709957
74.000000,0.9954163483575248
75.000000,0.9984520123839009
76.000000,0.9893092105263157
77.000000,0.9933333333333334
78.000000,0.9957770270270271
79.000000,0.9957191780821917
80.000000,0.9954337899543378
81.000000,1.0
82.000000,0.996031746031746
83.000000,0.9909456740442656
84.000000,0.9979591836734695
85.000000,1.0
86.000000,1.0
87.000000,1.0
88.000000,1.0
89.000000,1.0
90.000000,1.0
91.000000,1.0
92.000000,1.0
93.000000,1.0
94.000000,1.0
95.000000,1.0
96.000000,1.0
97.000000,1.0
98.000000,1.0
99.000000,1.0
100.000000,1.0
101.000000,1.0
102.000000,1.0
103.000000,1.0
104.000000,1.0
105.000000,1.0
106.000000,1.0
107.000000,1.0
108.000000,1.0
109.000000,1.0
110.000000,1.0
111.000000,1.0
112.000000,1.0
113.000000,1.0
114.000000,1.0
115.000000,1.0
116.000000,1.0
117.000000,1.0
118.000000,1.0
119.000000,1.0
120.000000,1.0
121.000000,1.0
122.000000,1.0
123.000000,1.0
124.000000,1.0
125.000000,1.0
126.000000,1.0
127.000000,1.0
128.000000,1.0
129.000000,1.0
130.000000,1.0
131.000000,1.0
132.000000,1.0
133.000000,None
134.000000,None
135.000000,None
136.000000,None
137.000000,None
138.000000,None
139.000000,None
140.000000,None
141.000000,None
142.000000,None
143.000000,None
144.000000,None
145.000000,None
146.000000,None
147.000000,None
148.000000,None
149.000000,None
150.000000,None
151.000000,None
152.000000,None
153.000000,None
154.000000,None
155.000000,None
156.000000,None
157.000000,None
158.000000,None
159.000000,None
160.000000,None
161.000000,None
162.000000,None
163.000000,None
164.000000,None
165.000000,None
166.000000,None
167.000000,None
168.000000,None
