time,auc
1.000000,0.7637606837606837
2.000000,0.6436420722135008
3.000000,0.6914173789173789
4.000000,0.6503232758620691
5.000000,0.5958333333333333
6.000000,0.698427382053654
7.000000,0.7980589772303098
8.000000,0.8034268499340991
9.000000,0.8020516717325228
10.000000,0.8941920644048303
11.000000,0.8217783000391695
12.000000,0.9213213213213213
13.000000,0.8759595959595959
14.000000,0.9076452599388379
15.000000,0.9096707818930041
16.000000,0.8899273104880582
17.000000,0.8385726423109601
18.000000,0.9185248713550601
19.000000,0.8830627468187802
20.000000,0.9346622369878184
21.000000,0.9575963718820861
22.000000,0.9606227106227107
23.000000,0.9685741088180112
24.000000,0.9649038461538462
25.000000,0.9667475728155339
26.000000,0.9588235294117647
27.000000,0.965560583207642
28.000000,0.9623323013415893
29.000000,0.9663487016428193
30.000000,0.9652127374899652
31.000000,0.9605405405405405
32.000000,0.9377559377559378
33.000000,0.9278900112233446
34.000000,0.9540816326530612
35.000000,0.9593356242840779
36.000000,0.9658321060382916
37.000000,0.965130382049727
38.000000,0.9788602941176471
39.000000,0.9734848484848485
40.000000,0.9773524720893143
41.000000,0.9838813668600902
42.000000,0.9820478723404255
43.000000,0.9862231182795699
44.000000,0.9836956521739131
45.000000,0.9807152875175316
46.000000,0.9719957461892945
47.000000,0.9769230769230769
48.000000,0.9714814814814816
49.000000,0.9796934865900383
50.000000,0.9805555555555556
51.000000,0.9618780096308186
52.000000,0.9841864336246358
53.000000,0.9882154882154882
54.000000,0.9859514687100894
55.000000,0.9879414298018949
56.000000,0.9934640522875817
57.000000,0.9891402714932126
58.000000,0.9952941176470588
59.000000,0.9976190476190476
60.000000,0.996144578313253
61.000000,0.9909638554216867
62.000000,0.9889994761655316
63.000000,0.9973488865323435
64.000000,0.9978529253891573
65.000000,0.9983164983164983
66.000000,0.9954545454545455
67.000000,0.997698504027618
68.000000,0.9981916817359856
69.000000,0.9968354430379748
70.000000,0.9980769230769231
71.000000,0.9987012987012986
72.000000,0.9965823650034177
73.000000,0.9993074792243767
74.000000,1.0
75.000000,0.9964438122332859
76.000000,0.9969969969969971
77.000000,0.9960254372019078
78.000000,0.9975825946817083
79.000000,0.9991438356164383
80.000000,0.9991319444444445
81.000000,0.9981481481481482
82.000000,0.996244131455399
83.000000,0.9990476190476191
84.000000,0.9989795918367348
85.000000,0.9989648033126295
86.000000,0.9957983193277311
87.000000,1.0
88.000000,1.0
89.000000,1.0
90.000000,1.0
91.000000,1.0
92.000000,1.0
93.000000,1.0
94.000000,1.0
95.000000,1.0
96.000000,1.0
97.000000,1.0
98.000000,1.0
99.000000,1.0
100.000000,1.0
101.000000,1.0
102.000000,1.0
103.000000,1.0
104.000000,1.0
105.000000,1.0
106.000000,1.0
107.000000,1.0
108.000000,1.0
109.000000,1.0
110.000000,1.0
111.000000,1.0
112.000000,1.0
113.000000,1.0
114.000000,1.0
115.000000,1.0
116.000000,1.0
117.000000,1.0
118.000000,1.0
119.000000,1.0
120.000000,1.0
121.000000,1.0
122.000000,1.0
123.000000,1.0
124.000000,1.0
125.000000,1.0
126.000000,1.0
127.000000,1.0
128.000000,1.0
129.000000,1.0
130.000000,1.0
131.000000,1.0
132.000000,1.0
133.000000,1.0
134.000000,1.0
135.000000,1.0
136.000000,1.0
137.000000,1.0
138.000000,None
139.000000,None
140.000000,None
141.000000,None
142.000000,None
143.000000,None
144.000000,None
145.000000,None
146.000000,None
147.000000,None
148.000000,None
149.000000,None
150.000000,None
151.000000,None
152.000000,None
153.000000,None
154.000000,None
155.000000,None
156.000000,None
157.000000,None
158.000000,None
159.000000,None
160.000000,None
161.000000,None
162.000000,None
163.000000,None
164.000000,None
165.000000,None
166.000000,None
167.000000,None
168.000000,None
