time,auc
1.000000,0.5586324786324786
2.000000,0.7310344827586206
3.000000,0.6674782608695653
4.000000,0.780301685891748
5.000000,0.7500895094880058
6.000000,0.8233700559869965
7.000000,0.8166909620991254
8.000000,0.8018973214285714
9.000000,0.8835486322188449
10.000000,0.8700402530189765
11.000000,0.8437132784958872
12.000000,0.8826086956521738
13.000000,0.8803350618268847
14.000000,0.8164251207729469
15.000000,0.8281186509548963
16.000000,0.8547990155865464
17.000000,0.9146997929606625
18.000000,0.907936507936508
19.000000,0.8974025974025974
20.000000,0.9331118493909192
21.000000,0.883219954648526
22.000000,0.9260531135531135
23.000000,0.9207119741100324
24.000000,0.9175941273975845
25.000000,0.9062649450023912
26.000000,0.9065443129678822
27.000000,0.9114634146341464
28.000000,0.8605
29.000000,0.8384615384615384
30.000000,0.9255263157894736
31.000000,0.8786486486486488
32.000000,0.9404859404859405
33.000000,0.9134031991174848
34.000000,0.9169685149066592
35.000000,0.902348224513173
36.000000,0.9418402777777778
37.000000,0.9416666666666667
38.000000,0.9230075187969925
39.000000,0.9510835913312693
40.000000,0.9696495619524406
41.000000,0.9206963249516442
42.000000,0.9418218085106383
43.000000,0.9680851063829787
44.000000,0.9490114464099896
45.000000,0.9533660589060309
46.000000,0.9786231884057971
47.000000,0.9726386806596702
48.000000,0.9821428571428572
49.000000,0.9831240188383046
50.000000,0.976984126984127
51.000000,0.9807383627608347
52.000000,0.9841864336246359
53.000000,0.9935177182368193
54.000000,0.9865168539325843
55.000000,0.9705056179775281
56.000000,0.9772727272727273
57.000000,0.9909003831417624
58.000000,0.9874031007751939
59.000000,0.9595551061678462
60.000000,0.981074168797954
61.000000,0.9893048128342246
62.000000,0.9918831168831169
63.000000,0.9934282584884995
64.000000,0.9983370288248337
65.000000,0.9802555168408826
66.000000,0.9994121105232215
67.000000,0.9987654320987654
68.000000,0.9980506822612086
69.000000,0.9960526315789474
70.000000,0.9980013324450366
71.000000,0.99527665317139
72.000000,0.9979494190020506
73.000000,1.0
74.000000,1.0
75.000000,1.0
76.000000,1.0
77.000000,1.0
78.000000,1.0
79.000000,1.0
80.000000,1.0
81.000000,1.0
82.000000,1.0
83.000000,1.0
84.000000,1.0
85.000000,1.0
86.000000,1.0
87.000000,1.0
88.000000,1.0
89.000000,1.0
90.000000,1.0
91.000000,1.0
92.000000,1.0
93.000000,1.0
94.000000,1.0
95.000000,1.0
96.000000,1.0
97.000000,1.0
98.000000,1.0
99.000000,1.0
100.000000,1.0
101.000000,1.0
102.000000,1.0
103.000000,1.0
104.000000,1.0
105.000000,1.0
106.000000,1.0
107.000000,1.0
108.000000,1.0
109.000000,1.0
110.000000,1.0
111.000000,1.0
112.000000,1.0
113.000000,1.0
114.000000,1.0
115.000000,1.0
116.000000,1.0
117.000000,1.0
118.000000,1.0
119.000000,1.0
120.000000,1.0
121.000000,1.0
122.000000,1.0
123.000000,1.0
124.000000,1.0
125.000000,1.0
126.000000,1.0
127.000000,1.0
128.000000,1.0
129.000000,1.0
130.000000,1.0
131.000000,1.0
132.000000,1.0
133.000000,1.0
134.000000,1.0
135.000000,1.0
136.000000,1.0
137.000000,1.0
138.000000,1.0
139.000000,1.0
140.000000,None
141.000000,None
142.000000,None
143.000000,None
144.000000,None
145.000000,None
146.000000,None
147.000000,None
148.000000,None
149.000000,None
150.000000,None
151.000000,None
152.000000,None
153.000000,None
154.000000,None
155.000000,None
156.000000,None
157.000000,None
158.000000,None
159.000000,None
160.000000,None
161.000000,None
162.000000,None
163.000000,None
164.000000,None
165.000000,None
166.000000,None
167.000000,None
168.000000,None
