time,auc
1.000000,0.6631169709263016
2.000000,0.4954816709292412
3.000000,0.6333913043478261
4.000000,0.773859649122807
5.000000,0.8768141592920353
6.000000,0.8985009933176811
7.000000,0.876639941690962
8.000000,0.8396764111049826
9.000000,0.8844155844155844
10.000000,0.9051136363636363
11.000000,0.9098646034816248
12.000000,0.9018153425727112
13.000000,0.9064223798266351
14.000000,0.8764090177133655
15.000000,0.8872409589597724
16.000000,0.9194184839044652
17.000000,0.9154630416312659
18.000000,0.941751793088459
19.000000,0.9111452391399736
20.000000,0.9089700996677741
21.000000,0.9150268336314847
22.000000,0.9086538461538463
23.000000,0.9068423485899214
24.000000,0.9093061804404452
25.000000,0.9237207077953132
26.000000,0.8786764705882353
27.000000,0.8893564356435644
28.000000,0.9285
29.000000,0.8987373737373737
30.000000,0.900765306122449
31.000000,0.9069587628865979
32.000000,0.8918847475548507
33.000000,0.8806089743589743
34.000000,0.8569078947368421
35.000000,0.884764542936288
36.000000,0.8429451287793953
37.000000,0.8709677419354839
38.000000,0.8825922696890439
39.000000,0.849882491186839
40.000000,0.8931159420289855
41.000000,0.9068986568986569
42.000000,0.8904320987654321
43.000000,0.9146031746031746
44.000000,0.9107544141252006
45.000000,0.917713152676801
46.000000,0.9131767109295199
47.000000,0.9076544943820224
48.000000,0.9250710227272728
49.000000,0.9112903225806451
50.000000,0.9234848484848485
51.000000,0.9241379310344828
52.000000,0.9251937984496124
53.000000,0.9223529411764706
54.000000,0.9237322515212982
55.000000,0.9281512605042016
56.000000,0.9132897603485838
57.000000,0.9201940035273368
58.000000,0.9207875457875458
59.000000,0.922613531047266
60.000000,0.9305816135084428
61.000000,0.922602089268756
62.000000,0.93125
63.000000,0.9196689386562804
64.000000,0.9245569620253165
65.000000,0.9272151898734178
66.000000,0.938034188034188
67.000000,0.9307359307359307
68.000000,0.9181253529079615
69.000000,0.9350649350649352
70.000000,0.9216507177033493
71.000000,0.9309090909090909
72.000000,0.9318181818181818
73.000000,0.9464508094645082
74.000000,0.9431818181818182
75.000000,0.9321382842509603
76.000000,0.9396378269617707
77.000000,0.930281690140845
78.000000,0.9435714285714285
79.000000,0.9485507246376811
80.000000,0.9426470588235294
81.000000,0.9365671641791045
82.000000,0.959937156323645
83.000000,0.9481658692185008
84.000000,0.9538461538461538
85.000000,0.9605263157894737
86.000000,0.9507101086048455
87.000000,0.9576719576719577
88.000000,0.9516129032258065
89.000000,0.959203036053131
90.000000,0.948891031822565
91.000000,0.9529411764705882
92.000000,0.9531405782652043
93.000000,0.9645030425963488
94.000000,0.9618163054695563
95.000000,0.9780701754385965
96.000000,0.9854910714285714
97.000000,0.9874999999999999
98.000000,0.9884259259259259
99.000000,1.0
100.000000,0.9987980769230769
101.000000,1.0
102.000000,0.9986928104575163
103.000000,0.9929971988795518
104.000000,1.0
105.000000,1.0
106.000000,1.0
107.000000,1.0
108.000000,1.0
109.000000,1.0
110.000000,1.0
111.000000,1.0
112.000000,1.0
113.000000,1.0
114.000000,1.0
115.000000,1.0
116.000000,1.0
117.000000,1.0
118.000000,1.0
119.000000,1.0
120.000000,1.0
121.000000,1.0
122.000000,1.0
123.000000,1.0
124.000000,1.0
125.000000,1.0
126.000000,1.0
127.000000,1.0
128.000000,1.0
129.000000,1.0
130.000000,1.0
131.000000,1.0
132.000000,1.0
133.000000,1.0
134.000000,1.0
135.000000,1.0
136.000000,1.0
137.000000,1.0
138.000000,1.0
139.000000,1.0
140.000000,1.0
141.000000,1.0
142.000000,1.0
143.000000,1.0
144.000000,1.0
145.000000,1.0
146.000000,None
147.000000,None
148.000000,None
149.000000,None
150.000000,None
151.000000,None
152.000000,None
153.000000,None
154.000000,None
155.000000,None
156.000000,None
157.000000,None
158.000000,None
159.000000,None
160.000000,None
161.000000,None
162.000000,None
163.000000,None
164.000000,None
165.000000,None
166.000000,None
167.000000,None
168.000000,None
