time,auc
1.000000,0.404158215010142
2.000000,0.522080136402387
3.000000,0.4686962504299966
4.000000,0.5252472670484123
5.000000,0.6863716814159292
6.000000,0.6228571428571429
7.000000,0.6041441441441441
8.000000,0.74
9.000000,0.6867889908256881
10.000000,0.6869500093615428
11.000000,0.783065749235474
12.000000,0.8567245754440758
13.000000,0.7986603624901497
14.000000,0.8782206119162641
15.000000,0.8598765432098766
16.000000,0.8782969885773625
17.000000,0.8870020964360587
18.000000,0.9026586620926244
19.000000,0.9122422114962704
20.000000,0.9144204851752022
21.000000,0.9438564196962724
22.000000,0.9495934959349593
23.000000,0.9195590994371482
24.000000,0.9305288461538461
25.000000,0.8866504854368932
26.000000,0.9171568627450981
27.000000,0.9331322272498743
28.000000,0.946940847930947
29.000000,0.9481500781657113
30.000000,0.9413157894736842
31.000000,0.9383306751727805
32.000000,0.93993993993994
33.000000,0.9217171717171717
34.000000,0.9492063492063492
35.000000,0.9434402332361516
36.000000,0.9315726290516206
37.000000,0.9445118253486962
38.000000,0.9581380818494221
39.000000,0.9201388888888887
40.000000,0.904296875
41.000000,0.9444078947368421
42.000000,0.9507978723404256
43.000000,0.9028897849462366
44.000000,0.8845108695652174
45.000000,0.9378434065934066
46.000000,0.8922367954626019
47.000000,0.9113553113553113
48.000000,0.9144444444444445
49.000000,0.8865900383141763
50.000000,0.945757458349477
51.000000,0.917319749216301
52.000000,0.9407467532467533
53.000000,0.9242424242424243
54.000000,0.9361888111888113
55.000000,0.9195402298850575
56.000000,0.9686940966010734
57.000000,0.9574660633484163
58.000000,0.9270588235294117
59.000000,0.9342857142857144
60.000000,0.9637896825396826
61.000000,0.9591097308488614
62.000000,0.9481403876375065
63.000000,0.9671261930010604
64.000000,0.9822866344605475
65.000000,0.951086956521739
66.000000,0.9744318181818183
67.000000,0.9738095238095239
68.000000,0.9724999999999999
69.000000,0.9973684210526316
70.000000,0.9833333333333333
71.000000,0.990154711673699
72.000000,0.9921652421652423
73.000000,0.9956709956709956
74.000000,0.9941520467836258
75.000000,0.9992592592592593
76.000000,1.0
77.000000,1.0
78.000000,1.0
79.000000,1.0
80.000000,1.0
81.000000,1.0
82.000000,1.0
83.000000,1.0
84.000000,1.0
85.000000,1.0
86.000000,1.0
87.000000,1.0
88.000000,1.0
89.000000,1.0
90.000000,1.0
91.000000,1.0
92.000000,1.0
93.000000,1.0
94.000000,1.0
95.000000,1.0
96.000000,1.0
97.000000,1.0
98.000000,1.0
99.000000,1.0
100.000000,1.0
101.000000,1.0
102.000000,1.0
103.000000,1.0
104.000000,1.0
105.000000,1.0
106.000000,1.0
107.000000,1.0
108.000000,1.0
109.000000,1.0
110.000000,1.0
111.000000,1.0
112.000000,1.0
113.000000,1.0
114.000000,1.0
115.000000,1.0
116.000000,1.0
117.000000,1.0
118.000000,1.0
119.000000,1.0
120.000000,1.0
121.000000,1.0
122.000000,1.0
123.000000,1.0
124.000000,1.0
125.000000,1.0
126.000000,1.0
127.000000,1.0
128.000000,1.0
129.000000,1.0
130.000000,1.0
131.000000,1.0
132.000000,1.0
133.000000,1.0
134.000000,1.0
135.000000,1.0
136.000000,1.0
137.000000,1.0
138.000000,1.0
139.000000,None
140.000000,None
141.000000,None
142.000000,None
143.000000,None
144.000000,None
145.000000,None
146.000000,None
147.000000,None
148.000000,None
149.000000,None
150.000000,None
151.000000,None
152.000000,None
153.000000,None
154.000000,None
155.000000,None
156.000000,None
157.000000,None
158.000000,None
159.000000,None
160.000000,None
161.000000,None
162.000000,None
163.000000,None
164.000000,None
165.000000,None
166.000000,None
167.000000,None
168.000000,None
