time,auc
1.000000,0.6065375302663438
2.000000,0.7507062146892656
3.000000,0.6749008294266138
4.000000,0.7002579218865144
5.000000,0.6242937853107345
6.000000,0.5356125356125355
7.000000,0.6873563218390805
8.000000,0.7225705329153606
9.000000,0.6865612648221343
10.000000,0.7854398382204247
11.000000,0.7428571428571428
12.000000,0.8042417815482503
13.000000,0.6613179289687634
14.000000,0.6480263157894737
15.000000,0.7872244714349977
16.000000,0.6702972543680508
17.000000,0.6636904761904762
18.000000,0.684915684915685
19.000000,0.6040777619724989
20.000000,0.744825906988069
21.000000,0.7577577577577578
22.000000,0.8234848484848484
23.000000,0.6527272727272727
24.000000,0.7389252948885977
25.000000,0.9303831624392875
26.000000,0.8095635251598555
27.000000,0.8414564220183486
28.000000,0.8496596626220775
29.000000,0.8302752293577981
30.000000,0.8699778551091426
31.000000,0.8938401048492791
32.000000,0.9245667686034658
33.000000,0.8863796753705011
34.000000,0.9123931623931625
35.000000,0.9259259259259258
36.000000,0.9193672839506173
37.000000,0.9575545171339563
38.000000,0.9317350670459164
39.000000,0.9358538657604079
40.000000,0.9335334476843912
41.000000,0.9147186147186148
42.000000,0.965034965034965
43.000000,0.9326923076923077
44.000000,0.9153846153846155
45.000000,0.9493927125506073
46.000000,0.9471153846153846
47.000000,0.8585972850678733
48.000000,0.9331810394060537
49.000000,0.9132281553398058
50.000000,0.9262135922330097
51.000000,0.9029126213592232
52.000000,0.9029126213592233
53.000000,0.9185520361990951
54.000000,0.9055597867479056
55.000000,0.9290429042904291
56.000000,0.9243924392439244
57.000000,0.9445544554455445
58.000000,0.952
59.000000,0.9377777777777778
60.000000,0.9663299663299664
61.000000,0.9608585858585859
62.000000,0.9655612244897959
63.000000,0.967930029154519
64.000000,0.9761904761904762
65.000000,0.9725085910652921
66.000000,0.9731958762886598
67.000000,0.9750000000000001
68.000000,0.9713541666666667
69.000000,0.9815789473684211
70.000000,0.9468085106382979
71.000000,0.9704301075268817
72.000000,0.96415770609319
73.000000,0.9782608695652174
74.000000,0.989010989010989
75.000000,0.9835164835164836
76.000000,0.9888888888888888
77.000000,1.0
78.000000,None
79.000000,None
80.000000,None
81.000000,None
82.000000,None
83.000000,None
84.000000,None
85.000000,None
86.000000,None
87.000000,None
88.000000,None
89.000000,None
90.000000,None
91.000000,None
92.000000,None
93.000000,None
94.000000,None
95.000000,None
96.000000,None
97.000000,None
98.000000,None
99.000000,None
100.000000,None
101.000000,None
102.000000,None
103.000000,None
104.000000,None
105.000000,None
106.000000,None
107.000000,None
108.000000,None
109.000000,None
110.000000,None
111.000000,None
112.000000,None
113.000000,None
114.000000,None
115.000000,None
116.000000,None
117.000000,None
118.000000,None
119.000000,None
120.000000,None
121.000000,None
122.000000,None
123.000000,None
124.000000,None
125.000000,None
126.000000,None
127.000000,None
128.000000,None
129.000000,None
130.000000,None
131.000000,None
132.000000,None
133.000000,None
134.000000,None
135.000000,None
136.000000,None
137.000000,None
138.000000,None
139.000000,None
140.000000,None
141.000000,None
142.000000,None
143.000000,None
144.000000,None
145.000000,None
146.000000,None
147.000000,None
148.000000,None
149.000000,None
150.000000,None
151.000000,None
152.000000,None
153.000000,None
154.000000,None
155.000000,None
156.000000,None
157.000000,None
158.000000,None
159.000000,None
160.000000,None
161.000000,None
162.000000,None
163.000000,None
164.000000,None
165.000000,None
166.000000,None
167.000000,None
168.000000,None
