time,auc
1.000000,0.6083760683760684
2.000000,0.6842839699982558
3.000000,0.7181562280084447
4.000000,0.7756876663708961
5.000000,0.7146437522377371
6.000000,0.8222864366985732
7.000000,0.7450801749271138
8.000000,0.8009672619047619
9.000000,0.76120820668693
10.000000,0.7945179221774966
11.000000,0.8104448742746615
12.000000,0.8315440171774351
13.000000,0.8677702433187076
14.000000,0.892558613659531
15.000000,0.8962962962962963
16.000000,0.9003115264797508
17.000000,0.8623619371282922
18.000000,0.8954575092371224
19.000000,0.9221183800623053
20.000000,0.9373147937086848
21.000000,0.9519098021168891
22.000000,0.9551684088269454
23.000000,0.9530956848030019
24.000000,0.9391427894861473
25.000000,0.9447632711621234
26.000000,0.9200980392156862
27.000000,0.9200603318250378
28.000000,0.9413556740289414
29.000000,0.9535897435897436
30.000000,0.9518259518259518
31.000000,0.9452418926103135
32.000000,0.9432159432159432
33.000000,0.941638608305275
34.000000,0.9656565656565657
35.000000,0.9457725947521867
36.000000,0.9615846338535414
37.000000,0.9593693147362038
38.000000,0.9590752889721963
39.000000,0.9577963917525774
40.000000,0.9645182291666667
41.000000,0.9703947368421053
42.000000,0.9806451612903225
43.000000,0.9666666666666667
44.000000,0.9738656987295826
45.000000,0.9688187820983125
46.000000,0.9760638297872339
47.000000,0.9810874704491725
48.000000,0.9904420549581839
49.000000,0.9927536231884059
50.000000,0.9886039886039886
51.000000,0.988477366255144
52.000000,0.9829379941739492
53.000000,0.9819023569023568
54.000000,0.9706257982120051
55.000000,0.9703801945181255
56.000000,0.9908045977011495
57.000000,0.9934883720930233
58.000000,0.9910588235294118
59.000000,0.9938095238095238
60.000000,0.9927710843373494
61.000000,0.9934738955823293
62.000000,0.9931901519119958
63.000000,0.9973488865323435
64.000000,0.9950110864745011
65.000000,0.9921436588103255
66.000000,0.9994318181818183
67.000000,1.0
68.000000,1.0
69.000000,1.0
70.000000,1.0
71.000000,1.0
72.000000,1.0
73.000000,1.0
74.000000,1.0
75.000000,1.0
76.000000,1.0
77.000000,1.0
78.000000,1.0
79.000000,1.0
80.000000,1.0
81.000000,1.0
82.000000,1.0
83.000000,1.0
84.000000,1.0
85.000000,1.0
86.000000,1.0
87.000000,1.0
88.000000,1.0
89.000000,1.0
90.000000,1.0
91.000000,1.0
92.000000,1.0
93.000000,1.0
94.000000,1.0
95.000000,1.0
96.000000,1.0
97.000000,1.0
98.000000,1.0
99.000000,1.0
100.000000,1.0
101.000000,1.0
102.000000,1.0
103.000000,1.0
104.000000,1.0
105.000000,1.0
106.000000,1.0
107.000000,1.0
108.000000,1.0
109.000000,1.0
110.000000,1.0
111.000000,1.0
112.000000,1.0
113.000000,1.0
114.000000,1.0
115.000000,1.0
116.000000,1.0
117.000000,1.0
118.000000,1.0
119.000000,1.0
120.000000,1.0
121.000000,1.0
122.000000,1.0
123.000000,1.0
124.000000,1.0
125.000000,1.0
126.000000,1.0
127.000000,1.0
128.000000,1.0
129.000000,1.0
130.000000,1.0
131.000000,1.0
132.000000,1.0
133.000000,1.0
134.000000,1.0
135.000000,1.0
136.000000,1.0
137.000000,1.0
138.000000,None
139.000000,None
140.000000,None
141.000000,None
142.000000,None
143.000000,None
144.000000,None
145.000000,None
146.000000,None
147.000000,None
148.000000,None
149.000000,None
150.000000,None
151.000000,None
152.000000,None
153.000000,None
154.000000,None
155.000000,None
156.000000,None
157.000000,None
158.000000,None
159.000000,None
160.000000,None
161.000000,None
162.000000,None
163.000000,None
164.000000,None
165.000000,None
166.000000,None
167.000000,None
168.000000,None
