time,auc
1.000000,0.5243407707910751
2.000000,0.6168965517241379
3.000000,0.6111304347826086
4.000000,0.5453416149068323
5.000000,0.6583333333333333
6.000000,0.767361111111111
7.000000,0.7464970501474926
8.000000,0.8608548295989455
9.000000,0.8366261398176291
10.000000,0.8346273291925466
11.000000,0.9285154719937329
12.000000,0.8804347826086957
13.000000,0.9138412445153571
14.000000,0.8957326892109501
15.000000,0.8965867533522958
16.000000,0.889253486464315
17.000000,0.9026915113871635
18.000000,0.8877508361204013
19.000000,0.9216969185310258
20.000000,0.921994884910486
21.000000,0.8986224709427464
22.000000,0.9319565217391305
23.000000,0.8842775581906016
24.000000,0.8336291038154391
25.000000,0.8700680272108843
26.000000,0.8884508348794063
27.000000,0.9083880037488286
28.000000,0.8787878787878788
29.000000,0.9291866028708133
30.000000,0.9359284332688587
31.000000,0.9134897360703811
32.000000,0.9167490118577075
33.000000,0.92896865520728
34.000000,0.9054433938154868
35.000000,0.9041343669250647
36.000000,0.9438202247191011
37.000000,0.9055644729802033
38.000000,0.9185606060606061
39.000000,0.9118625277161861
40.000000,0.9284090909090909
41.000000,0.885344827586207
42.000000,0.8891836133215443
43.000000,0.9299344066785926
44.000000,0.9119155354449473
45.000000,0.9212454212454212
46.000000,0.9276315789473684
47.000000,0.906048906048906
48.000000,0.9090608465608466
49.000000,0.9143239625167336
50.000000,0.9308943089430894
51.000000,0.9331275720164609
52.000000,0.9343915343915343
53.000000,0.9328571428571428
54.000000,0.9459558823529411
55.000000,0.9262844378257632
56.000000,0.9521116138763197
57.000000,0.9526355996944231
58.000000,0.9425423061786699
59.000000,0.9457735247208932
60.000000,0.9666940789473685
61.000000,0.9679166666666668
62.000000,0.9679054054054055
63.000000,0.9657534246575342
64.000000,0.9713541666666667
65.000000,0.9668458781362007
66.000000,0.9609268514311677
67.000000,0.9608294930875576
68.000000,0.9630668536699392
69.000000,0.9483091787439614
70.000000,0.951024487756122
71.000000,0.9533468559837729
72.000000,0.95640756302521
73.000000,0.9645969498910676
74.000000,0.9613045881702599
75.000000,0.9590347923681256
76.000000,0.9597902097902098
77.000000,0.9597633136094674
78.000000,0.9633413461538461
79.000000,0.968125
80.000000,0.9676190476190476
81.000000,0.9490740740740742
82.000000,0.9502688172043011
83.000000,0.9544179523141654
84.000000,0.9558089807555239
85.000000,0.9530551415797317
86.000000,0.9507575757575757
87.000000,0.9571428571428572
88.000000,0.9677158999192897
89.000000,0.9679802955665024
90.000000,0.960344827586207
91.000000,0.9646098003629764
92.000000,0.9722991689750693
93.000000,0.9680451127819549
94.000000,0.9712918660287081
95.000000,0.9639376218323586
96.000000,0.9632571996027806
97.000000,0.9645748987854251
98.000000,0.9743589743589745
99.000000,0.962962962962963
100.000000,0.9633333333333333
101.000000,0.9693877551020408
102.000000,0.9618055555555556
103.000000,0.9645390070921985
104.000000,0.9710144927536233
105.000000,0.9782608695652174
106.000000,0.9777777777777779
107.000000,0.9799465240641712
108.000000,0.9794801641586867
109.000000,0.9775910364145659
110.000000,0.9842180774748924
111.000000,0.975
112.000000,0.9781249999999999
113.000000,0.9743589743589743
114.000000,0.9720394736842105
115.000000,0.972972972972973
116.000000,0.9774305555555555
117.000000,0.9767857142857143
118.000000,0.9761029411764706
119.000000,0.9772727272727273
120.000000,0.970703125
121.000000,0.9838709677419355
122.000000,0.978494623655914
123.000000,0.9822222222222222
124.000000,0.9793103448275862
125.000000,0.9857142857142858
126.000000,0.9821428571428572
127.000000,0.9835164835164836
128.000000,0.9732142857142858
129.000000,0.9783950617283951
130.000000,0.967948717948718
131.000000,0.9733333333333333
132.000000,0.9722222222222222
133.000000,0.967391304347826
134.000000,0.9683794466403163
135.000000,0.9669421487603306
136.000000,0.9783549783549783
137.000000,0.9772727272727273
138.000000,0.9808612440191388
139.000000,0.9848484848484849
140.000000,0.9732620320855615
141.000000,0.9829545454545454
142.000000,0.98125
143.000000,0.9733333333333334
144.000000,0.9714285714285714
145.000000,0.9692307692307693
146.000000,0.9743589743589745
147.000000,0.9722222222222222
148.000000,0.9696969696969697
149.000000,0.9772727272727273
150.000000,0.961038961038961
151.000000,0.9714285714285714
152.000000,0.9666666666666667
153.000000,0.98
154.000000,1.0
155.000000,1.0
156.000000,1.0
157.000000,1.0
158.000000,1.0
159.000000,1.0
160.000000,1.0
161.000000,1.0
162.000000,1.0
163.000000,1.0
164.000000,1.0
165.000000,1.0
166.000000,None
167.000000,None
168.000000,None
