time,auc
1.000000,0.31367521367521367
2.000000,0.5039655172413793
3.000000,0.5314782608695652
4.000000,0.5140350877192983
5.000000,0.7585840707964602
6.000000,0.6375293480223948
7.000000,0.8108600583090378
8.000000,0.8627232142857143
9.000000,0.8512537993920972
10.000000,0.8828828828828829
11.000000,0.8771760154738878
12.000000,0.8762443880538747
13.000000,0.8564020741922616
14.000000,0.9090177133655395
15.000000,0.9032921810699589
16.000000,0.8768431983385254
17.000000,0.8901869158878505
18.000000,0.9043739279588336
19.000000,0.8751645458534445
20.000000,0.8730897009966778
21.000000,0.8519677996422181
22.000000,0.8692765567765567
23.000000,0.8698405253283302
24.000000,0.8316362775278239
25.000000,0.8727881396461024
26.000000,0.9102941176470588
27.000000,0.9361386138613862
28.000000,0.93625
29.000000,0.9002525252525253
30.000000,0.945091945091945
31.000000,0.9370015948963318
32.000000,0.9575725026852846
33.000000,0.9508952794357026
34.000000,0.9484536082474226
35.000000,0.9403153153153153
36.000000,0.9325810185185185
37.000000,0.9619047619047619
38.000000,0.9693627450980391
39.000000,0.9722222222222223
40.000000,0.974609375
41.000000,0.9640456989247312
42.000000,0.9850694444444444
43.000000,0.9810526315789474
44.000000,0.9900709219858156
45.000000,0.9870967741935484
46.000000,0.9844202898550725
47.000000,0.9934065934065934
48.000000,0.9866666666666668
49.000000,0.9850574712643678
50.000000,0.9801587301587301
51.000000,0.9843499197431782
52.000000,0.9887640449438202
53.000000,0.9869528619528619
54.000000,0.9908216783216783
55.000000,0.9786363636363636
56.000000,0.9760919540229885
57.000000,0.9972093023255814
58.000000,0.9835271317829457
59.000000,0.9898887765419616
60.000000,0.9825581395348837
61.000000,0.9796791443850268
62.000000,0.9935064935064936
63.000000,0.9971655328798186
64.000000,0.9994262765347103
65.000000,0.9953542392566783
66.000000,0.9994121105232215
67.000000,0.9962962962962962
68.000000,0.99875
69.000000,0.9927631578947369
70.000000,0.9966688874083944
71.000000,0.9946018893387315
72.000000,0.9985754985754985
73.000000,0.9935064935064934
74.000000,0.9970760233918129
75.000000,0.9977777777777778
76.000000,0.9937254901960784
77.000000,1.0
78.000000,1.0
79.000000,1.0
80.000000,1.0
81.000000,1.0
82.000000,1.0
83.000000,1.0
84.000000,1.0
85.000000,1.0
86.000000,1.0
87.000000,1.0
88.000000,1.0
89.000000,1.0
90.000000,1.0
91.000000,1.0
92.000000,1.0
93.000000,1.0
94.000000,1.0
95.000000,1.0
96.000000,1.0
97.000000,1.0
98.000000,1.0
99.000000,1.0
100.000000,1.0
101.000000,1.0
102.000000,1.0
103.000000,1.0
104.000000,1.0
105.000000,1.0
106.000000,1.0
107.000000,1.0
108.000000,1.0
109.000000,1.0
110.000000,1.0
111.000000,1.0
112.000000,1.0
113.000000,1.0
114.000000,1.0
115.000000,1.0
116.000000,1.0
117.000000,1.0
118.000000,1.0
119.000000,1.0
120.000000,1.0
121.000000,1.0
122.000000,1.0
123.000000,1.0
124.000000,1.0
125.000000,1.0
126.000000,1.0
127.000000,1.0
128.000000,1.0
129.000000,1.0
130.000000,1.0
131.000000,1.0
132.000000,1.0
133.000000,1.0
134.000000,1.0
135.000000,1.0
136.000000,1.0
137.000000,1.0
138.000000,1.0
139.000000,1.0
140.000000,None
141.000000,None
142.000000,None
143.000000,None
144.000000,None
145.000000,None
146.000000,None
147.000000,None
148.000000,None
149.000000,None
150.000000,None
151.000000,None
152.000000,None
153.000000,None
154.000000,None
155.000000,None
156.000000,None
157.000000,None
158.000000,None
159.000000,None
160.000000,None
161.000000,None
162.000000,None
163.000000,None
164.000000,None
165.000000,None
166.000000,None
167.000000,None
168.000000,None
