time,auc
1.000000,0.6291413116970926
2.000000,0.5957374254049446
3.000000,0.6231510147918817
4.000000,0.726357799757071
5.000000,0.6591386554621849
6.000000,0.8367857142857142
7.000000,0.7527927927927929
8.000000,0.7692590549733407
9.000000,0.7316066066066066
10.000000,0.8926586160628713
11.000000,0.9020759890325107
12.000000,0.8188188188188189
13.000000,0.8916871416871416
14.000000,0.821914938194008
15.000000,0.7526812526812526
16.000000,0.7655844155844157
17.000000,0.8423503325942351
18.000000,0.803535466547326
19.000000,0.8087155963302752
20.000000,0.8605034109621266
21.000000,0.8201352003862867
22.000000,0.8118026283163897
23.000000,0.8255755755755756
24.000000,0.8549382716049382
25.000000,0.8505291005291005
26.000000,0.8710280373831776
27.000000,0.8676549865229111
28.000000,0.8468368479467259
29.000000,0.8750714694110922
30.000000,0.8673349056603774
31.000000,0.7888009738283628
32.000000,0.9158218125960061
33.000000,0.8907936507936508
34.000000,0.8592948717948719
35.000000,0.8809681697612732
36.000000,0.9049213257448945
37.000000,0.947261663286004
38.000000,0.9464285714285714
39.000000,0.9462517680339462
40.000000,0.9449944994499451
41.000000,0.9581111957349581
42.000000,0.9572277227722772
43.000000,0.9434818481848185
44.000000,0.9509255273353423
45.000000,0.9669565217391305
46.000000,0.9831818181818182
47.000000,0.9807162534435262
48.000000,0.9897959183673469
49.000000,0.9611273080660836
50.000000,0.9882653061224489
51.000000,0.9903329752953812
52.000000,0.9931972789115646
53.000000,0.9885954381752702
54.000000,0.9866585809581565
55.000000,0.9858247422680413
56.000000,0.9869415807560138
57.000000,0.9895833333333334
58.000000,0.9910714285714286
59.000000,0.9887820512820512
60.000000,0.9765182186234818
61.000000,0.9771929824561403
62.000000,0.970334928229665
63.000000,0.9506769825918763
64.000000,0.9819148936170212
65.000000,0.9988179669030733
66.000000,1.0
67.000000,0.9878419452887538
68.000000,0.9946808510638298
69.000000,0.997872340425532
70.000000,1.0
71.000000,1.0
72.000000,1.0
73.000000,0.9746376811594203
74.000000,0.9816849816849818
75.000000,0.9703703703703704
76.000000,0.9888888888888888
77.000000,1.0
78.000000,None
79.000000,None
80.000000,None
81.000000,None
82.000000,None
83.000000,None
84.000000,None
85.000000,None
86.000000,None
87.000000,None
88.000000,None
89.000000,None
90.000000,None
91.000000,None
92.000000,None
93.000000,None
94.000000,None
95.000000,None
96.000000,None
97.000000,None
98.000000,None
99.000000,None
100.000000,None
101.000000,None
102.000000,None
103.000000,None
104.000000,None
105.000000,None
106.000000,None
107.000000,None
108.000000,None
109.000000,None
110.000000,None
111.000000,None
112.000000,None
113.000000,None
114.000000,None
115.000000,None
116.000000,None
117.000000,None
118.000000,None
119.000000,None
120.000000,None
121.000000,None
122.000000,None
123.000000,None
124.000000,None
125.000000,None
126.000000,None
127.000000,None
128.000000,None
129.000000,None
130.000000,None
131.000000,None
132.000000,None
133.000000,None
134.000000,None
135.000000,None
136.000000,None
137.000000,None
138.000000,None
139.000000,None
140.000000,None
141.000000,None
142.000000,None
143.000000,None
144.000000,None
145.000000,None
146.000000,None
147.000000,None
148.000000,None
149.000000,None
150.000000,None
151.000000,None
152.000000,None
153.000000,None
154.000000,None
155.000000,None
156.000000,None
157.000000,None
158.000000,None
159.000000,None
160.000000,None
161.000000,None
162.000000,None
163.000000,None
164.000000,None
165.000000,None
166.000000,None
167.000000,None
168.000000,None
