time,auc
1.000000,0.6088573360378634
2.000000,0.8366581415174765
3.000000,0.7364981080151358
4.000000,0.7203508771929825
5.000000,0.7580530973451327
6.000000,0.8064285714285715
7.000000,0.7776967930029155
8.000000,0.8741629464285714
9.000000,0.8151595744680852
10.000000,0.8102357676825761
11.000000,0.8615087040618955
12.000000,0.8735116142885028
13.000000,0.8530338849487785
14.000000,0.8743288924239412
15.000000,0.7438779606583702
16.000000,0.785890073831009
17.000000,0.7878406708595388
18.000000,0.8306174957118354
19.000000,0.8488372093023256
20.000000,0.8555705300988319
21.000000,0.8262770363552693
22.000000,0.8497096399535424
23.000000,0.9179174484052532
24.000000,0.8935096153846154
25.000000,0.959319526627219
26.000000,0.9335324869305451
27.000000,0.9225741578682755
28.000000,0.9451637471439451
29.000000,0.9515372589890568
30.000000,0.9475515119079475
31.000000,0.9567567567567568
32.000000,0.9686049686049687
33.000000,0.9635241301907967
34.000000,0.9852813852813853
35.000000,0.9872251931075461
36.000000,0.9739822467095194
37.000000,0.9873222016079158
38.000000,0.9828178694158076
39.000000,0.987689393939394
40.000000,0.9778645833333333
41.000000,0.9848790322580645
42.000000,0.9870967741935484
43.000000,0.9894736842105264
44.000000,0.9840425531914894
45.000000,0.9910394265232976
46.000000,0.9938405797101448
47.000000,0.9921289355322339
48.000000,0.991284577491474
49.000000,0.9929356357927787
50.000000,0.9932539682539683
51.000000,0.9954732510288067
52.000000,0.9929255097794423
53.000000,0.994949494949495
54.000000,0.9965034965034966
55.000000,0.9877272727272727
56.000000,0.9926436781609195
57.000000,0.9944186046511627
58.000000,0.992
59.000000,0.9955882352941177
60.000000,0.9945436507936508
61.000000,0.994824016563147
62.000000,0.9926663174436877
63.000000,0.9939759036144578
64.000000,0.9983370288248337
65.000000,0.9976771196283392
66.000000,0.9988242210464432
67.000000,0.9982142857142857
68.000000,0.9939722724532851
69.000000,0.9981012658227848
70.000000,0.9980769230769231
71.000000,0.996103896103896
72.000000,0.9986329460013671
73.000000,0.9979224376731302
74.000000,0.9985964912280701
75.000000,0.9977777777777778
76.000000,0.9968627450980393
77.000000,0.9992050874403816
78.000000,0.9975825946817083
79.000000,1.0
80.000000,0.9939236111111112
81.000000,0.9991197183098591
82.000000,0.9928571428571429
83.000000,1.0
84.000000,1.0
85.000000,1.0
86.000000,1.0
87.000000,1.0
88.000000,1.0
89.000000,1.0
90.000000,1.0
91.000000,1.0
92.000000,1.0
93.000000,1.0
94.000000,1.0
95.000000,1.0
96.000000,1.0
97.000000,1.0
98.000000,1.0
99.000000,1.0
100.000000,1.0
101.000000,1.0
102.000000,1.0
103.000000,1.0
104.000000,1.0
105.000000,1.0
106.000000,1.0
107.000000,1.0
108.000000,1.0
109.000000,1.0
110.000000,1.0
111.000000,1.0
112.000000,1.0
113.000000,1.0
114.000000,1.0
115.000000,1.0
116.000000,1.0
117.000000,1.0
118.000000,1.0
119.000000,1.0
120.000000,1.0
121.000000,1.0
122.000000,1.0
123.000000,1.0
124.000000,1.0
125.000000,1.0
126.000000,1.0
127.000000,1.0
128.000000,1.0
129.000000,1.0
130.000000,1.0
131.000000,1.0
132.000000,1.0
133.000000,1.0
134.000000,1.0
135.000000,1.0
136.000000,1.0
137.000000,1.0
138.000000,1.0
139.000000,1.0
140.000000,1.0
141.000000,None
142.000000,None
143.000000,None
144.000000,None
145.000000,None
146.000000,None
147.000000,None
148.000000,None
149.000000,None
150.000000,None
151.000000,None
152.000000,None
153.000000,None
154.000000,None
155.000000,None
156.000000,None
157.000000,None
158.000000,None
159.000000,None
160.000000,None
161.000000,None
162.000000,None
163.000000,None
164.000000,None
165.000000,None
166.000000,None
167.000000,None
168.000000,None
